20130330_e_a1-3-5-7-9-11-13-15_20130330_e_1	0.554623	0.545697	0.276196	0.003281	0.016993	0.021543	1.267728	0.116194
20130330_e_a1-3-5-7-9-11-13-15_20130330_e_2	0.724172	0.542305	0.262336	0.089211	0.308133	0.075759	1.438829	0.406256
20130330_e_a1-3-5-7-9-11-13-15_20130330_e_3	0.537832	0.353389	0.291339	0.202298	0.256261	-0.220520	0.760096	0.233070
20130330_e_a1-3-5-7-9-11-13-15_20130330_e_4	0.761419	0.655107	0.548624	0.188866	0.004067	-0.317570	4.198036	8.140531
20130330_e_a1-3-5-7-9-11-13-15_20130330_e_5	0.673745	0.540246	0.315376	0.248636	0.362307	-0.091797	1.440118	0.267332
20130330_e_a1-3-5-7-9-11-13-15_20130330_e_6	0.856923	0.587606	0.366290	0.273489	0.536231	0.040060	1.291469	0.014990
20130330_e_a1-3-5-7-9-11-13-15_20130330_e_7	0.708990	0.430687	0.336507	0.265076	0.455944	-0.094451	0.875047	0.189279
20130330_e_a1-3-5-7-9-11-13-15_20130330_e_8	0.726848	0.384799	0.274513	0.217690	0.505597	-0.016009	0.681079	0.410393
20130330_e_a1-3-5-7-9-11-13-15_20130330_e_9	0.951685	0.574168	0.291444	0.217620	0.473029	0.212321	1.503648	0.298081
20130330_e_a1-3-5-7-9-11-13-15_20130330_e_10	1.234292	0.828062	0.143427	-0.025311	-0.730110	0.343075	2.450921	0.036672
20130330_e_a1-3-5-7-9-11-13-15_20130330_e_11	1.048183	0.603837	0.222306	0.007449	-0.853933	0.097684	1.537362	0.285504
20130330_e_a1-3-5-7-9-11-13-15_20130330_e_12	1.277918	0.553761	0.215628	0.306241	-0.943484	0.158279	1.574753	0.000072
20130330_e_a1-3-5-7-9-11-13-15_20130330_e_13	1.041477	0.564985	0.252529	0.360523	-0.715474	0.146527	1.940169	0.058111
20130330_e_a1-3-5-7-9-11-13-15_20130330_e_14	1.096114	0.683609	0.805748	0.234148	-0.712251	0.120598	2.261427	3.904390
20130330_e_a1-3-5-7-9-11-13-15_20130330_e_15	1.064787	0.808288	0.221806	-0.032533	-0.561948	0.464483	2.583942	0.317369
20130330_v_a1-3-5-7-9-11-13-15_20130330_v_1	0.705843	0.701762	0.193372	0.011027	0.004643	0.015504	2.020526	0.477323
20130330_v_a1-3-5-7-9-11-13-15_20130330_v_2	0.783752	0.626526	0.208718	0.184887	0.248154	-0.066224	1.937065	0.375388
20130330_v_a1-3-5-7-9-11-13-15_20130330_v_3	0.926121	0.394046	0.294245	0.353171	0.197854	-0.613637	0.652440	0.028606
20130330_v_a1-3-5-7-9-11-13-15_20130330_v_4	1.412241	0.719287	0.653585	0.457237	-0.117585	-0.866849	4.915263	9.663824
20130330_v_a1-3-5-7-9-11-13-15_20130330_v_5	0.977663	0.602858	0.211470	0.502872	0.286538	-0.526595	1.480909	0.052236
20130330_v_a1-3-5-7-9-11-13-15_20130330_v_6	0.824474	0.589686	0.321998	0.423982	0.448296	-0.389990	1.331356	0.036779
20130330_v_a1-3-5-7-9-11-13-15_20130330_v_7	0.813250	0.405806	0.253816	0.462992	0.308929	-0.526806	0.734520	0.396573
20130330_v_a1-3-5-7-9-11-13-15_20130330_v_8	0.858194	0.404887	0.291996	0.466823	0.355899	-0.508789	0.740453	0.157364
20130330_v_a1-3-5-7-9-11-13-15_20130330_v_9	0.977391	0.551097	0.286825	0.499702	0.373315	-0.354662	1.264220	0.217176
20130330_v_a1-3-5-7-9-11-13-15_20130330_v_10	1.319669	0.815091	0.169659	0.204902	-0.797986	-0.243086	2.417514	0.102242
20130330_v_a1-3-5-7-9-11-13-15_20130330_v_11	1.261975	0.678020	0.262785	0.179221	-0.953859	-0.462533	1.497170	0.282222
20130330_v_a1-3-5-7-9-11-13-15_20130330_v_13	1.419717	0.599516	0.255926	0.389255	-1.005644	-0.558813	2.465434	0.207434
20130330_v_a1-3-5-7-9-11-13-15_20130330_v_14	1.273099	0.657078	0.256737	0.367136	-0.918105	-0.516874	1.883221	0.127433
20130330_v_a1-3-5-7-9-11-13-15_20130330_v_15	1.248768	0.828961	0.242600	0.279400	-0.762013	-0.124624	2.608757	0.227362
20130330_e_a3_S_20130330_e_a1-10_20130330_e_1	1.915208	1.892348	0.455404	0.087596	-0.018215	-0.108052	37.825010	0.143560
20130330_e_a3_S_20130330_e_a1-10_20130330_e_2	0.530924	0.457037	0.336243	0.143886	0.249842	-0.062223	0.946362	0.537523
20130330_e_a3_S_20130330_e_a1-10_20130330_e_3	0.531717	0.336271	0.157212	0.186522	0.158478	-0.412899	0.682492	0.163446
20130330_e_a3_S_20130330_e_a1-10_20130330_e_4	1.042634	0.578404	0.629193	0.128375	-0.114665	-0.667274	3.987463	7.029168
20130330_e_a3_S_20130330_e_a1-10_20130330_e_5	1.031739	0.669045	0.615585	0.194316	0.214634	-0.508612	1.891570	0.680123
20130330_e_a3_S_20130330_e_a1-10_20130330_e_6	0.810967	0.581282	0.608923	0.199727	0.430326	-0.243339	1.519732	0.849804
20130330_e_a3_S_20130330_e_a1-10_20130330_e_7	0.593002	0.362490	0.168962	0.212865	0.368680	-0.271216	0.745901	0.238492
20130330_e_a3_S_20130330_e_a1-10_20130330_e_8	0.610180	0.354363	0.201611	0.268388	0.425687	-0.130090	0.631474	0.451960
20130330_e_a3_S_20130330_e_a1-10_20130330_e_9	0.795071	0.514237	0.411224	0.334354	0.438123	0.091669	1.370265	0.472103
20130330_e_a3_S_20130330_e_a1-10_20130330_e_10	1.450166	0.939275	0.236572	-0.086935	-0.841468	0.087040	3.669726	0.613158
20130330_e_a3_S_20130330_e_a1-10_20130330_e_11	1.461228	0.728026	0.532752	-0.086535	-1.023083	-0.263605	1.813319	0.483262
20130330_e_a3_S_20130330_e_a1-10_20130330_e_12	2.211808	0.988162	0.298579	0.269635	-1.341273	-0.303741	2.532510	0.187214
20130330_e_a3_S_20130330_e_a1-10_20130330_e_13	1.746913	0.799391	0.223131	0.334145	-1.052790	-0.345135	2.833209	0.114110
20130330_e_a3_S_20130330_e_a1-10_20130330_e_14	1.659659	0.938245	0.797612	0.180757	-0.987148	-0.312008	2.292878	0.016054
20130330_e_a3_S_20130330_e_a1-10_20130330_e_15	1.259655	0.911423	0.214598	-0.071827	-0.678331	0.211849	2.867040	0.316197
20130330_e_a1-10_20130330_e_1	0.487841	0.480919	0.262650	-0.010457	0.012373	0.050313	1.071832	0.187448
20130330_e_a1-10_20130330_e_2	0.640471	0.492735	0.218265	0.059650	0.312402	0.069359	1.074729	0.323203
20130330_e_a1-10_20130330_e_3	0.586025	0.333418	0.300777	0.153184	0.215423	-0.374836	0.714626	0.046135
20130330_e_a1-10_20130330_e_4	0.977273	0.667580	0.546663	0.178431	-0.115772	-0.503560	4.170702	8.266610
20130330_e_a1-10_20130330_e_5	0.756264	0.571965	0.255466	0.259267	0.225750	-0.258060	1.711022	0.226680
20130330_e_a1-10_20130330_e_6	0.736763	0.523888	0.345436	0.235218	0.431299	-0.087888	1.647576	0.488216
20130330_e_a1-10_20130330_e_7	0.638021	0.368073	0.256923	0.204878	0.382278	-0.216114	0.992740	0.117851
20130330_e_a1-10_20130330_e_8	0.685987	0.356132	0.249059	0.153191	0.504329	-0.032040	0.872485	0.658992
20130330_e_a1-10_20130330_e_9	0.923597	0.535816	0.262996	0.185064	0.484608	0.263165	1.529388	0.253472
20130330_e_a1-10_20130330_e_10	1.278231	0.987919	0.190151	-0.037408	-0.737535	0.175744	2.973355	0.361687
20130330_e_a1-10_20130330_e_11	1.108588	0.827661	0.663348	-0.027458	-0.861194	-0.056500	2.406259	0.461537
20130330_e_a1-10_20130330_e_12	1.940449	0.995272	0.538048	0.382588	-1.217127	0.088748	2.416285	0.112404
20130330_e_a1-10_20130330_e_13	1.570103	0.894937	0.610682	0.432139	-0.969047	0.025439	2.463719	4.357513
20130330_e_a1-10_20130330_e_14	1.645809	1.100339	1.369684	0.243327	-0.896439	-0.015968	3.301638	6.289701
20130330_e_a1-10_20130330_e_15	1.139001	1.006499	0.210121	-0.049314	-0.577773	0.285248	3.228431	0.419377
20130330_e_a3_S_20130330_e_a1-3-5-7-9-11-13-15_20130330_e_1	0.625540	0.613829	0.640201	-0.064976	0.076335	-0.110168	1.528051	0.813016
20130330_e_a3_S_20130330_e_a1-3-5-7-9-11-13-15_20130330_e_2	0.565336	0.515852	0.438630	0.040921	0.338256	-0.038098	1.322790	0.955534
20130330_e_a3_S_20130330_e_a1-3-5-7-9-11-13-15_20130330_e_3	0.552169	0.340663	0.166781	0.183379	0.348179	-0.301609	0.749761	0.133639
20130330_e_a3_S_20130330_e_a1-3-5-7-9-11-13-15_20130330_e_4	0.780472	0.482980	0.329263	0.157696	0.157814	-0.512446	1.556155	1.644979
20130330_e_a3_S_20130330_e_a1-3-5-7-9-11-13-15_20130330_e_5	0.903872	0.550723	0.455064	0.226907	0.512383	-0.330924	1.762205	0.275943
20130330_e_a3_S_20130330_e_a1-3-5-7-9-11-13-15_20130330_e_6	0.980563	0.549647	0.400251	0.256606	0.712625	-0.146143	1.367285	0.256139
20130330_e_a3_S_20130330_e_a1-3-5-7-9-11-13-15_20130330_e_7	0.825820	0.358207	0.223460	0.254055	0.621070	-0.215562	0.764431	0.248161
20130330_e_a3_S_20130330_e_a1-3-5-7-9-11-13-15_20130330_e_8	0.675952	0.384474	0.229553	0.236685	0.567839	-0.099148	0.757009	0.026219
20130330_e_a3_S_20130330_e_a1-3-5-7-9-11-13-15_20130330_e_9	2.049817	1.853579	0.468958	0.218354	0.517348	0.080715	35.543723	0.236663
20130330_e_a3_S_20130330_e_a1-3-5-7-9-11-13-15_20130330_e_10	1.536436	1.028998	0.423571	-0.254352	-0.701971	0.253428	3.933181	1.441370
20130330_e_a3_S_20130330_e_a1-3-5-7-9-11-13-15_20130330_e_11	1.531058	0.787914	0.344689	-0.154568	-0.896854	-0.068974	2.119739	0.204158
20130330_e_a3_S_20130330_e_a1-3-5-7-9-11-13-15_20130330_e_12	1.655463	0.755284	0.193199	0.226220	-0.990726	-0.146038	2.214586	0.245252
20130330_e_a3_S_20130330_e_a1-3-5-7-9-11-13-15_20130330_e_13	1.238067	0.625739	0.194374	0.300039	-0.706936	-0.158671	2.418640	0.113844
20130330_e_a3_S_20130330_e_a1-3-5-7-9-11-13-15_20130330_e_14	1.239029	0.693175	0.420474	0.152102	-0.723110	-0.133439	2.041847	0.070106
20130330_e_a3_S_20130330_e_a1-3-5-7-9-11-13-15_20130330_e_15	1.243846	0.904132	0.288339	-0.208948	-0.541706	0.376436	2.708819	0.423389
20130330_e_a3_S_20130330_e_a3-8-13_20130330_e_1	1.029125	0.877674	0.983339	-0.178553	-0.321876	0.218309	2.553338	1.406328
20130330_e_a3_S_20130330_e_a3-8-13_20130330_e_2	0.735313	0.615689	0.680643	-0.073512	-0.073683	0.289658	1.330407	1.437664
20130330_e_a3_S_20130330_e_a3-8-13_20130330_e_3	0.344621	0.342457	0.162754	0.044383	0.002939	-0.078690	0.618133	0.117496
20130330_e_a3_S_20130330_e_a3-8-13_20130330_e_4	0.825368	0.631631	0.334251	0.010611	-0.206439	-0.407247	3.043105	5.020364
20130330_e_a3_S_20130330_e_a3-8-13_20130330_e_5	0.740660	0.649702	0.350320	0.075503	0.127555	-0.220574	1.461915	0.005578
20130330_e_a3_S_20130330_e_a3-8-13_20130330_e_6	0.756655	0.700594	0.309186	0.036745	0.292258	0.011108	1.554897	0.216131
20130330_e_a3_S_20130330_e_a3-8-13_20130330_e_7	0.523094	0.453235	0.205857	0.048282	0.225289	-0.018066	0.954384	0.161213
20130330_e_a3_S_20130330_e_a3-8-13_20130330_e_8	0.581356	0.466889	0.335660	0.079795	0.106339	0.234602	1.168317	0.579704
20130330_e_a3_S_20130330_e_a3-8-13_20130330_e_9	0.909171	0.711728	0.888836	0.069622	0.045454	0.402684	1.784128	0.844431
20130330_e_a3_S_20130330_e_a3-8-13_20130330_e_10	1.907265	1.181624	0.628994	-0.222468	-1.079450	0.514952	5.633323	1.358862
20130330_e_a3_S_20130330_e_a3-8-13_20130330_e_11	1.912798	0.887339	0.539303	-0.110754	-1.231892	0.084089	2.292206	0.503484
20130330_e_a3_S_20130330_e_a3-8-13_20130330_e_13	1.571424	0.710998	0.217683	0.318422	-1.030802	-0.039109	2.542953	0.273452
20130330_e_a3_S_20130330_e_a3-8-13_20130330_e_14	1.618957	0.768321	0.532600	0.156356	-1.027929	-0.030295	2.525011	0.015245
20130330_e_a3_S_20130330_e_a3-8-13_20130330_e_15	1.601532	0.996503	0.447933	-0.202645	-0.926871	0.631383	3.398739	0.286327
20130330_e_a3_S_average_20130330_e_1	1.241470	0.693962	0.668496	-0.904235	-0.157940	-0.366565	1.817044	0.882976
20130330_e_a3_S_average_20130330_e_2	0.981678	0.538303	0.487968	-0.797231	0.094026	-0.287621	1.417965	1.029875
20130330_e_a3_S_average_20130330_e_3	0.849059	0.344403	0.170582	-0.643119	0.106429	-0.547550	0.729538	0.187802
20130330_e_a3_S_average_20130330_e_4	1.215244	0.483991	0.276990	-0.641565	-0.078460	-0.783434	1.698237	1.774126
20130330_e_a3_S_average_20130330_e_5	1.166645	0.565647	0.400336	-0.547422	0.278060	-0.593141	1.823606	0.310857
20130330_e_a3_S_average_20130330_e_6	1.065815	0.548027	0.360082	-0.533066	0.474636	-0.435500	1.490918	0.433494
20130330_e_a3_S_average_20130330_e_7	0.964990	0.362212	0.238675	-0.572276	0.384272	-0.495889	0.860577	1.239365
20130330_e_a3_S_average_20130330_e_8	0.665439	0.397589	0.241529	-0.610325	0.311159	-0.339980	0.791362	0.010511
20130330_e_a3_S_average_20130330_e_9	0.766547	0.594731	0.524735	-0.635506	0.264156	-0.172047	1.480837	0.874691
20130330_e_a3_S_average_20130330_e_10	1.911925	0.884475	0.534824	-1.036668	-0.899027	0.034435	2.957553	0.968175
20130330_e_a3_S_average_20130330_e_11	1.979781	0.807236	0.416551	-0.932810	-1.120077	-0.256554	2.201437	0.231172
20130330_e_a3_S_average_20130330_e_12	1.876494	0.765100	0.201688	-0.520747	-1.202618	-0.342934	2.247755	0.143787
20130330_e_a3_S_average_20130330_e_13	1.475330	0.638354	0.179460	-0.459698	-0.926162	-0.368250	2.449880	0.025463
20130330_e_a3_S_average_20130330_e_14	1.562948	0.688452	0.428020	-0.625495	-0.952433	-0.343269	1.980056	0.040139
20130330_e_a3_S_average_20130330_e_15	1.771361	0.900354	0.339750	-1.007076	-0.750444	0.148437	2.782365	0.358005
20130527_v_1_S_av_20130527_v_1	4.819685	0.370275	0.167565	-0.813798	-1.206428	4.485540	0.723921	0.059203
20130527_v_1_S_av_20130527_v_2	8.052494	3.894604	0.255979	-0.671291	-1.078213	4.517308	86.950412	3.965179
20130527_v_1_S_av_20130527_v_3	4.921025	0.418321	0.186645	0.797189	0.338400	4.728428	0.890650	0.235423
20130527_v_1_S_av_20130527_v_4	4.820705	0.569959	0.134483	0.999599	0.566820	4.390384	1.362737	0.080269
20130528_v_1_S_av_20130528_v_1	5.683724	0.634474	0.354742	0.467935	0.480043	5.561349	2.347439	3.963350
20130528_v_1_S_av_20130528_v_1	5.755913	0.440144	0.137103	0.467935	0.480043	5.561349	1.030279	0.011736
20130528_v_1_S_av_20130528_v_2	5.929010	0.811768	0.173823	0.539690	0.114280	5.428196	2.791356	0.622941
20130528_v_1_S_av_20130528_v_3	6.172498	0.972782	0.541497	0.794368	0.856542	5.896609	3.742450	5.907043
20130528_v_1_S_av_20130528_v_4	6.517727	0.918606	0.349296	0.728427	1.108762	6.065682	1.897247	0.773752
20130528_v_test2_20130528_v_test2_1	5.189106	0.363987	0.192207	0.478490	0.468384	5.052007	0.709334	0.210781
20130528_v_test2_20130528_v_test2_2	5.274272	0.481342	0.234916	0.541834	0.368787	5.124311	1.046047	0.130103
20130528_v_test2_20130528_v_test2_3	5.339988	0.370671	0.304304	0.588186	0.981671	5.149488	0.770389	0.070731
20130528_v_test2_20130528_v_test2_4	5.660718	0.606955	0.214547	0.516420	0.831049	5.300946	1.395823	0.112994
20130528_v_test2_20130528_v_test2_5	6.135110	1.809731	1.753434	0.617899	1.059981	5.071485	8.845789	9.302220
20130528_v_test2_20130528_v_test2_5	6.135110	1.809731	1.753434	0.617899	1.059981	5.071485	8.845789	9.302220
20130528_v_test2_20130528_v_test2_5	5.695066	0.760858	0.512560	0.617899	1.059981	5.071485	1.795555	0.745235
20130528_v_test2_20130528_v_test2_5	5.643901	0.792836	0.609852	0.617899	1.059981	5.071485	1.794994	0.745232
20130528_v_test2_20130528_v_test2_5	5.788252	1.119855	0.947161	0.617899	1.059981	5.071485	3.757733	3.392773
20130528_v_test2_20130528_v_test2_5	5.706075	0.771167	0.563183	0.617899	1.059981	5.071485	1.796330	0.745232
20130330_v_test2_3_S_test2-2_av_20130330_v_test2_1	1.238189	0.584800	0.630629	-0.851453	-0.207229	-0.509156	1.317952	0.336774
20130330_v_test2_3_S_test2-2_av_20130330_v_test2_2	0.892644	0.491171	0.428042	-0.703178	0.082817	-0.356752	1.030433	0.769128
20130330_v_test2_3_S_test2-2_av_20130330_v_test2_3	0.833611	0.373591	0.238188	-0.553877	0.091215	-0.561496	0.750807	0.124756
20130330_v_test2_3_S_test2-2_av_20130330_v_test2_4	1.169646	0.442081	0.227642	-0.554350	-0.065426	-0.868035	0.857779	0.436757
20130330_v_test2_3_S_test2-2_av_20130330_v_test2_5	1.128315	0.557492	0.486692	-0.519197	0.303114	-0.602698	1.590045	0.323662
20130330_v_test2_3_S_test2-2_av_20130330_v_test2_6	1.229355	0.788095	0.737694	-0.534233	0.490169	-0.320317	5.347792	6.124629
20130330_v_test2_3_S_test2-2_av_20130330_v_test2_7	0.831603	0.477033	0.138402	-0.491803	0.423033	-0.392554	0.978374	0.162157
20130330_v_test2_3_S_test2-2_av_20130330_v_test2_8	0.550217	0.447201	0.185805	-0.494502	0.241473	-0.268946	1.072743	0.030352
20130330_v_test2_3_S_test2-2_av_20130330_v_test2_9	0.712766	0.659226	0.496442	-0.545949	0.187661	-0.141516	1.509418	0.709811
20130330_v_test2_3_S_test2-2_av_20130330_v_test2_10	1.902477	0.789861	0.453554	-1.019120	-0.949331	0.212662	1.402908	0.020875
20130330_v_test2_3_S_test2-2_av_20130330_v_test2_11	2.138628	0.923724	0.322713	-0.894117	-1.197160	-0.124854	2.797780	0.464964
20130330_v_test2_3_S_test2-2_av_20130330_v_test2_12	1.760457	0.700182	0.366288	-0.548531	-1.147712	-0.333070	2.135116	0.546041
20130330_v_test2_3_S_test2-2_av_20130330_v_test2_13	1.387374	0.620558	0.462763	-0.482405	-0.879237	-0.344878	2.292949	0.343599
20130330_v_test2_3_S_test2-2_av_20130330_v_test2_14	1.492450	0.636745	0.152306	-0.603768	-0.938298	-0.262317	1.763741	0.370218
20130330_v_test2_3_S_test2-2_av_20130330_v_test2_15	1.820000	0.825366	0.402345	-0.996754	-0.838291	0.364572	1.961636	0.211600
20130330_v_test2_3_S_test2_av_20130330_v_test2_1	1.233836	0.602578	0.583285	-0.771049	-0.053075	-0.653502	1.802186	0.806104
20130330_v_test2_3_S_test2_av_20130330_v_test2_2	0.909608	0.486173	0.429083	-0.622575	0.233347	-0.501486	1.099942	0.787784
20130330_v_test2_3_S_test2_av_20130330_v_test2_3	0.900391	0.370353	0.240366	-0.471085	0.235207	-0.699617	0.746211	0.129485
20130330_v_test2_3_S_test2_av_20130330_v_test2_4	1.243909	0.437536	0.232956	-0.472975	0.081644	-1.001939	0.826285	0.462844
20130330_v_test2_3_S_test2_av_20130330_v_test2_5	1.227050	0.558549	0.487990	-0.438286	0.450729	-0.735152	1.621792	0.359075
20130330_v_test2_3_S_test2_av_20130330_v_test2_6	1.282191	0.781180	0.747826	-0.456673	0.636658	-0.451057	5.285397	6.054187
20130330_v_test2_3_S_test2_av_20130330_v_test2_7	0.899643	0.473414	0.145108	-0.412641	0.568162	-0.522648	0.955235	0.178222
20130330_v_test2_3_S_test2_av_20130330_v_test2_8	0.571793	0.444420	0.184627	-0.413872	0.382077	-0.405592	1.074208	0.014557
20130330_v_test2_3_S_test2_av_20130330_v_test2_9	0.679526	0.661569	0.499989	-0.467717	0.334335	-0.282505	1.561738	0.740628
20130330_v_test2_3_S_test2_av_20130330_v_test2_10	1.702432	0.781284	0.449975	-0.927866	-0.781325	0.063148	1.433008	0.061364
20130330_v_test2_3_S_test2_av_20130330_v_test2_11	1.944328	0.910749	0.321706	-0.806295	-1.030483	-0.263762	2.775359	0.509318
20130330_v_test2_3_S_test2_av_20130330_v_test2_12	1.641194	0.697904	0.342940	-0.457829	-0.992747	-0.460481	2.091053	0.518338
20130330_v_test2_3_S_test2_av_20130330_v_test2_13	1.293611	0.620926	0.441828	-0.393637	-0.727832	-0.475013	2.309615	0.331595
20130330_v_test2_3_S_test2_av_20130330_v_test2_14	1.364086	0.634607	0.149734	-0.516541	-0.785739	-0.395518	1.735041	0.359396
20130330_v_test2_3_S_test2_av_20130330_v_test2_15	1.628921	0.814872	0.395957	-0.909267	-0.673211	0.213871	1.933713	0.228935
20130330_v_test_3_S_test_av_20130330_v_test_1	1.734248	0.580288	0.623402	-0.932316	-0.043681	-1.262440	1.339714	0.326938
20130330_v_test_3_S_test_av_20130330_v_test_2	1.426227	0.491512	0.435784	-0.784588	0.242886	-1.113070	1.085458	0.787795
20130330_v_test_3_S_test_av_20130330_v_test_3	1.477502	0.375851	0.239244	-0.621177	0.251255	-1.307853	0.762458	1.418672
20130330_v_test_3_S_test_av_20130330_v_test_4	1.834262	0.442114	0.220526	-0.609063	0.108552	-1.607370	0.846820	0.453145
20130528_v_test_1_S_test_av_20130528_v_test_1	4.508033	0.361282	0.144851	0.532264	0.509414	4.359387	0.789613	0.140114
20130330_v_test_3_S_test_av_20130330_v_test_5	1.721777	0.557322	0.476696	-0.568953	0.484234	-1.325684	1.592129	0.333274
20130330_v_test_3_S_test_av_20130330_v_test_6	1.554573	0.767577	0.693053	-0.580268	0.665525	-1.054378	4.825492	5.391012
20130330_v_test_3_S_test_av_20130330_v_test_6	1.446058	0.620081	0.498545	-0.580268	0.665525	-1.054378	1.772210	0.280412
20130330_v_test_3_S_test_av_20130330_v_test_7	1.299020	0.467317	0.143686	-0.550912	0.586491	-1.154073	0.931500	0.157835
20130330_v_test_3_S_test_av_20130330_v_test_8	1.080183	0.441131	0.190234	-0.586991	0.389683	-1.054965	1.006855	0.000776
20130330_v_test_3_S_test_av_20130330_v_test_9	1.146695	0.657536	0.499719	-0.666478	0.348657	-0.939203	1.570819	0.728490
20130330_v_test_3_S_test_av_20130330_v_test_10	1.896943	0.830135	0.510182	-1.116148	-0.713763	-0.582724	3.827709	1.008678
20130330_v_test_3_S_test_av_20130330_v_test_11	2.032269	0.864738	0.412328	-0.990510	-0.973404	-0.870962	2.873560	0.813244
20130330_v_test_3_S_test_av_20130330_v_test_12	1.954656	0.706318	0.285626	-0.600330	-0.972655	-1.034794	2.037315	0.382016
20130330_v_test_3_S_test_av_20130330_v_test_13	1.688911	0.617748	0.354275	-0.530619	-0.719132	-1.057179	2.316739	0.240418
20130330_v_test_3_S_test_av_20130330_v_test_14	1.628338	0.628387	0.210954	-0.635548	-0.718915	-0.966520	1.775811	0.479563
20130330_v_test_3_S_test_av_20130330_v_test_15	1.735547	0.837437	0.427457	-1.049609	-0.657603	-0.347607	1.841224	0.177539
20130330_v_test_3_S_test_av_20130330_v_test_15	1.709500	0.804420	0.414636	-1.049610	-0.657608	-0.347645	1.840492	0.177540	-0.161322	0.570676
20130330_v_test2_3_S_test2_w_av_20130330_v_test2_1	2.246016	0.764959	0.748566	-1.285537	-0.091715	1.391200	2.772830	0.908065	-0.570525	0.425716
20130330_v_test2_3_S_test2_w_av_20130330_v_test2_2	2.080811	0.597188	0.444558	-1.006570	0.172749	1.518260	1.249733	0.607176	-0.496018	0.305683
20130330_v_test2_3_S_test2_w_av_20130330_v_test2_3	1.588212	0.557147	0.105700	-0.475867	0.377622	1.133142	1.579985	0.036386	-0.212789	-0.040401
20130330_v_test2_3_S_test2_w_av_20130330_v_test2_15	3.163209	1.029233	0.411369	-0.969189	-0.643627	2.145196	2.378413	0.633164	-0.159836	0.570338
20130330_test2_3_S_test2_w0.5_20130330_v_test2_1	0.741784	0.358153	0.197516	-0.498216	-0.484581	-0.189590	0.790710	0.146254	-0.573823	0.425895
20130330_test2_3_S_test2_w0.5_20130330_v_test2_2	0.572152	0.380618	0.226106	-0.406183	-0.172991	-0.040869	0.921384	0.128038	-0.499112	0.305992
20130330_test2_3_S_test2_w0.5_20130330_v_test2_3	0.806111	0.485898	0.278428	-0.426448	-0.191753	-0.307455	1.009625	0.180659	-0.215751	-0.040865
20130330_test2_3_S_test2_w0.5_20130330_v_test2_4	1.405259	0.621177	0.606317	-0.539542	-0.422219	-0.772834	1.356617	0.733029	0.082929	-0.358631
20130330_test2_3_S_test2_w0.5_20130330_v_test2_5	1.556685	0.993815	2.991843	-0.523454	-0.103596	-0.617090	2.395868	3.334368	0.236212	-0.537508
20130330_test2_3_S_test2_w0.5_20130330_v_test2_6	1.223721	0.899824	3.238802	-0.528325	0.077577	-0.223066	2.424517	3.916760	0.102869	-0.652824
20130330_test2_3_S_test2_w0.5_20130330_v_test2_7	0.858022	0.619521	1.355971	-0.451319	0.053752	-0.143917	1.129604	1.485157	-0.119094	-0.397678
20130330_test2_3_S_test2_w0.5_20130330_v_test2_8	0.579645	0.467784	0.421971	-0.310821	-0.023930	0.020813	0.842644	0.158444	-0.492760	-0.001200
20130330_test2_3_S_test2_w0.5_20130330_v_test2_9	0.595962	0.499106	0.431538	-0.257194	-0.026687	0.170675	0.954328	0.040829	-0.674031	0.230537
20130330_test2_3_S_test2_w0.5_20130330_v_test2_10	2.116257	0.902527	0.648578	-0.630189	-1.369685	0.317224	1.827524	0.010125	-0.103637	0.706317
20130330_test2_3_S_test2_w0.5_20130330_v_test2_11	2.275430	0.759427	1.129994	-0.629299	-1.563072	-0.180949	1.882226	1.364696	0.090570	0.442779
20130330_test2_3_S_test2_w0.5_20130330_v_test2_12	2.116204	0.771408	1.557374	-0.499446	-1.501043	-0.453996	2.367626	0.073116	0.474137	0.051668
20130330_test2_3_S_test2_w0.5_20130330_v_test2_13	1.787389	0.774833	2.035887	-0.443212	-1.232753	-0.443965	2.902626	1.779243	0.392566	-0.046052
20130330_test2_3_S_test2_w0.5_20130330_v_test2_14	1.612160	0.675000	0.978058	-0.478664	-1.232805	-0.327741	1.828869	0.087638	0.198158	0.150663
20130330_test2_3_S_test2_w0.25_av_20130330_v_test2_1	0.992357	0.659534	0.954611	-0.647909	-0.198742	-0.114027	1.566533	1.469587	-0.572272	0.424599
20130330_test2_3_S_test2_w0.25_av_20130330_v_test2_2	0.688877	0.507449	0.690362	-0.495527	0.087836	0.031726	0.994341	1.245605	-0.497613	0.305157
20130330_test2_3_S_test2_w0.25_av_20130330_v_test2_3	0.528250	0.374777	0.389571	-0.330764	0.098862	-0.196763	0.750870	0.179894	-0.214114	-0.040655
20130330_test2_3_S_test2_w0.25_av_20130330_v_test2_4	0.806722	0.469470	0.440637	-0.317370	-0.051317	-0.518792	0.949747	2.302551	0.084684	-0.356430
20130330_test2_3_S_test2_w0.25_av_20130330_v_test2_5	0.833919	0.561898	0.837927	-0.278026	0.322853	-0.253833	1.618033	0.441768	0.238418	-0.533860
20130330_test2_3_S_test2_w0.25_av_20130330_v_test2_6	0.957462	0.612332	0.898306	-0.303098	0.514383	0.025184	1.813953	0.582230	0.104770	-0.647015
20130330_test2_3_S_test2_w0.25_av_20130330_v_test2_7	0.744616	0.482952	0.230652	-0.266703	0.442481	-0.040283	1.020642	0.288106	-0.117660	-0.395173
20130330_test2_3_S_test2_w0.25_av_20130330_v_test2_8	0.501303	0.445216	0.322929	-0.283010	0.251063	0.114368	1.059174	0.077395	-0.491327	-0.001283
20130330_test2_3_S_test2_w0.25_av_20130330_v_test2_9	0.726662	0.666624	0.862302	-0.342075	0.195934	0.253490	1.562207	1.257648	-0.672804	0.229230
20130330_test2_3_S_test2_w0.25_av_20130330_v_test2_10	1.907220	0.782314	0.831335	-0.812911	-0.949425	0.599575	1.380094	0.030639	-0.101286	0.703720
20130330_test2_3_S_test2_w0.25_av_20130330_v_test2_11	2.127381	0.931699	0.573432	-0.674105	-1.202684	0.254982	2.712002	0.240834	0.092663	0.441001
20130330_test2_3_S_test2_w0.25_av_20130330_v_test2_12	1.685390	0.723106	0.632714	-0.299840	-1.154641	0.032434	2.286603	0.926914	0.477290	0.050601
20130330_test2_3_S_test2_w0.25_av_20130330_v_test2_13	1.270364	0.644373	0.786662	-0.233886	-0.882071	0.017451	2.300720	0.497819	0.395487	-0.046614
20130330_test2_3_S_test2_w0.25_av_20130330_v_test2_14	1.428183	0.653406	0.259408	-0.366819	-0.949242	0.106164	1.846878	0.561743	0.200460	0.149413
20130330_test2_3_S_test2_w0.25_av_20130330_v_test2_15	1.820899	0.809065	0.708404	-0.787641	-0.837132	0.748099	1.996317	0.264306	-0.161126	0.571010
20130330_v_test2_3_S_test2_w_av_20130330_v_test2_4	1.379896	0.810779	0.366563	-0.141988	0.345988	0.786311	2.093804	0.212498	0.085553	-0.356609
20130330_v_test2_3_S_test2_w_av_20130330_v_test2_5	2.195301	1.103379	0.560433	0.011156	0.799415	1.186786	3.143868	0.720711	0.238800	-0.533931
20130330_v_test2_3_S_test2_w_av_20130330_v_test2_6	2.722340	1.437843	0.671488	-0.113897	0.920504	1.273745	4.386471	0.346569	0.104836	-0.646442
20130330_v_test2_3_S_test2_w_av_20130330_v_test2_4	1.558225	1.049643	0.547098	-0.141988	0.345988	0.786311	6.221953	8.996663	0.084930	-0.356033
20130528_v_1-old_S_av_20130528_v_1-old	5.854570	2.523811	1.042921	1.377386	0.284866	5.187729	10.021830	2.925610	-0.041430	-0.114638
20130528_v_1-old_S_av_20130528_v_2-old	6.977817	2.802141	1.713546	1.591708	-0.145634	5.723754	8.463324	4.409849	0.039388	-0.205561
20130528_v_1-old_S_av_20130528_v_3-old	6.511619	2.652584	1.366019	1.637461	0.659639	5.873402	8.479072	1.804857	-0.015803	-0.281082
20130528_v_1-old_S_av_20130528_v_4-old	7.086382	2.771773	1.348020	1.728017	0.854712	6.236097	8.567162	3.727016	0.018983	-0.313726
20130528_v_1-old_S_av_20130528_v_5-old	7.708748	2.800994	1.861787	1.595298	1.105577	6.433650	5.111674	8.434208	0.079726	-0.375627
20130310_a16_S_av_20130310_out2_16	0.659028	0.357387	0.181206	-0.345021	-0.216035	-0.362522	1.263176	2.139614	0.125353	0.027515
20130310_a16_S_av_20130310_out2_17	0.859461	0.473360	0.133452	-0.478678	-0.196547	-0.395349	1.148734	0.343995	0.189122	0.141604
20130310_a16_S_av_20130310_out2_18	0.965504	0.467742	0.175689	-0.627169	-0.305920	-0.417432	1.087216	0.048689	0.228255	0.207120
20130310_a16_S_av_20130310_out2_19	0.654959	0.337469	0.212637	-0.399605	-0.089683	-0.364378	0.763046	0.279457	0.144311	0.062417
20130310_a16_S_av_20130310_out2_20	1.082762	0.559940	0.409863	-0.630568	-0.229522	-0.599978	1.262589	0.462960	0.212310	0.181268
20130310_a16_S_av_20130310_out2_11	1.014940	0.778909	0.493322	0.189328	-0.072061	-0.250639	2.058814	4.231695	0.225562	-0.317909
20130310_a16_S_av_20130310_out2_12	1.397078	0.927561	1.491192	0.284197	-0.554023	-0.300592	4.617507	7.662767	0.283577	-0.176341
20130310_a16_S_av_20130310_out2_13	0.997645	0.596103	0.855605	0.029288	-0.494405	-0.359737	1.892162	4.319441	0.357497	-0.032169
20130310_a16_S_av_20130310_out2_14	1.173289	0.613440	0.372505	-0.212562	-0.539182	-0.438452	1.208034	0.053675	0.425897	0.081231
20130310_a16_S_av_20130310_out2_15	0.876990	0.466635	0.473380	-0.469657	-0.404008	-0.392375	1.274665	2.511847	0.217421	0.187070
20130330_3_S_test3-2_av_20130330_test3_1	1.479189	0.633324	0.610264	-1.121946	-0.343482	-0.490918	1.459458	0.826631	-0.572304	0.424201
20130330_3_S_test3-2_av_20130330_test3_2	1.116292	0.504623	0.428668	-0.969243	-0.051974	-0.345563	1.020406	0.797321	-0.497674	0.304917
20130330_3_S_test3-2_av_20130330_test3_3	1.008260	0.372085	0.238470	-0.801645	-0.040715	-0.535956	0.828386	1.551153	-0.213947	-0.040870
20130330_3_S_test3-2_av_20130330_test3_4	1.269397	0.451664	0.230346	-0.785167	-0.170253	-0.830797	0.877489	0.474216	0.085235	-0.356752
20130330_3_S_test3-2_av_20130330_test3_5	1.192323	0.561989	0.466415	-0.738832	0.206925	-0.548908	1.630768	0.308838	0.239119	-0.534358
20130330_3_S_test3-2_av_20130330_test3_6	1.265665	0.749274	0.644406	-0.749665	0.389921	-0.284786	4.314343	4.660216	0.104621	-0.646661
20130330_3_S_test3-2_av_20130330_test3_7	0.925327	0.461783	0.136371	-0.732974	0.306659	-0.385074	0.946073	0.157618	-0.117485	-0.395396
20130330_3_S_test3-2_av_20130330_test3_8	0.748390	0.449756	0.184055	-0.767823	0.103547	-0.285425	1.010285	0.015744	-0.491667	-0.001395
20130330_3_S_test3-2_av_20130330_test3_9	0.959123	0.678340	0.501019	-0.851362	0.058622	-0.168851	1.591392	0.728196	-0.673477	0.229264
20130330_3_S_test3-2_av_20130330_test3_10	2.078562	0.737159	0.520900	-1.309490	-1.010424	0.191590	1.275680	0.114999	-0.101443	0.704226
20130330_3_S_test3-2_av_20130330_test3_11	2.284694	0.881801	0.411719	-1.173234	-1.270107	-0.091354	2.745441	0.259478	0.092779	0.441357
20130330_3_S_test3-2_av_20130330_test3_12	1.919976	0.707094	0.298277	-0.775440	-1.262526	-0.254891	2.081898	0.399718	0.478079	0.050587
20130330_3_S_test3-2_av_20130330_test3_13	1.554530	0.630952	0.355756	-0.708229	-1.000079	-0.277256	2.270425	0.204068	0.396130	-0.046581
20130330_3_S_test3-2_av_20130330_test3_14	1.620090	0.635408	0.216968	-0.814772	-1.002874	-0.193924	1.800079	0.482268	0.200801	0.149030
20130330_3_S_test3-2_av_20130330_test3_15	2.060089	0.811177	0.441383	-1.236320	-0.954868	0.431937	1.805935	0.145305	-0.161363	0.570692
gakkai_0310_cali_20130310_out2_12	3.261045	0.503123	0.292779	1.703585	1.060403	2.417163	2.051358	2.184462	0.288445	-0.166679
gakkai_0310_calib_20130310_out2_17	2.726432	0.288690	0.153447	-1.131887	2.468072	0.378049	0.717358	0.062334	0.183486	0.149519
gakkai_0310_calib_20130310_out2_18	2.654916	0.305594	0.157271	-1.261988	2.338535	0.376029	0.580925	0.034636	0.222003	0.215879
gakkai_0330_calib_20130330_test3_14	2.134940	0.282121	0.151149	-1.497976	-0.598926	-1.336304	0.806402	0.050184	0.201392	0.155424
gakkai_0330_calib_20130330_test3_12	2.118223	0.483729	0.250772	-1.224443	-0.740010	-1.376795	1.101012	0.431205	0.478158	0.057549
gakkai_0330_calib_20130330_test3_13	2.132627	0.458778	0.197120	-1.288455	-0.556005	-1.453100	1.528129	0.227787	0.396496	-0.041005
gakkai_0310_calib_20130310_out2_17	2.726432	0.288690	0.153447	-1.131887	2.468072	0.378049	0.717358	0.062334	0.183486	0.149519
gakkai_0310_calib_20130310_out2_13	2.615802	0.431181	0.663916	-0.572461	2.450157	0.469478	2.253750	4.444490	0.353477	-0.023763
gakkai_0310_calib_20130310_out2_14	2.312709	0.414786	0.295262	-0.742231	2.350749	0.385199	0.923703	0.103098	0.420418	0.091842
gakkai_0721_calib_0721-2_1	2.477425	0.364379	0.134009	-0.436524	1.290499	-1.965709	0.748157	0.249929	-0.005452	0.058742
gakkai_0721_calib_0721-2_2	2.478862	0.679977	0.625467	-0.610531	1.247989	-1.996650	5.683863	9.794682	-0.014255	0.158707
gakkai_0310_calib_20130310_out2_11	2.332696	0.697158	0.329250	1.426703	1.476908	0.988899	2.021663	0.059103	0.224656	-0.314318
gakkai_0310_calib_20130310_out2_12	2.438168	0.894881	1.419522	1.566226	0.928952	0.967319	4.714079	7.476840	0.282179	-0.173026
gakkai_0310_calib_20130310_out2_13	2.035395	0.651273	0.897363	1.346706	0.924514	0.962678	2.178746	4.802502	0.355524	-0.029043
gakkai_0310_calib_20130310_out2_14	1.760931	0.707862	0.391432	1.121398	0.851325	0.944047	1.274428	0.568724	0.423595	0.084020
gakkai_0721-3_calib_0721-3_1	5.259631	0.411069	0.308998	-2.895584	0.842328	-4.348884	2.322574	4.798385	-0.013108	0.058520
gakkai_0721-3_calib_0721-3_2	5.310916	0.578292	0.501046	-3.047676	0.463708	-4.400471	3.914568	7.249295	-0.020829	0.157459
gakkai_0721-3_calib_0721-3_3	5.499610	0.587862	0.345267	-3.115107	0.504085	-4.461281	1.702014	2.861563	-0.034173	0.330079
gakkai_0721-4_calib-1_0721-4_1	3.647721	0.521093	0.440064	-1.553771	1.092218	-3.110208	4.796998	8.902537	-0.010112	0.058335
gakkai_0721-4_calib-1_0721-4_2	3.645419	0.544998	0.441647	-1.674282	1.057003	-3.170480	3.399852	6.437232	-0.017745	0.158342
gakkai_0721-4_calib-1_0721-4_3	3.874753	0.695514	0.553711	-1.822046	0.894049	-3.326998	2.814804	5.073136	-0.031798	0.330377
gakkai_0721-4_calib-1_0721-4_4	4.176355	0.444274	0.282474	-1.864794	0.765055	-3.635311	0.803223	1.210173	0.105474	0.322969
gakkai_0721-4_calib-1_0721-4_5	4.127168	0.391173	0.176296	-1.755831	0.851797	-3.590156	1.022684	0.514046	0.116256	0.217213
gakkai_0721-4_calib-1_0721-4_6	4.124293	0.417217	0.174372	-1.598018	0.890330	-3.523012	1.464998	0.516075	0.124481	0.093348
gakkai_0721-4_calib-1_0721-4_7	4.105899	0.602176	0.348429	-1.511876	0.800325	-3.602107	1.719623	0.985841	0.291062	0.093884
gakkai_0721-4_calib-1_0721-4_8	4.052902	0.634761	0.426422	-1.709483	0.656447	-3.607323	1.138097	0.293237	0.278634	0.230251
gakkai_0721-4_calib-1_0721-4_9	4.160158	0.683646	0.612694	-2.001662	0.731458	-3.708639	1.873769	0.319330	0.256549	0.413228
gakkai_0721-4_calib-1_0721-4_10	4.164327	0.959036	0.489935	-1.525620	0.616564	-3.704402	1.963011	0.783066	0.401439	0.149143
gakkai_0330_new_calib_20130330_v_1_m	1.537655	0.738018	0.640333	-1.186248	-0.374386	-0.424056	2.251868	0.817170	-0.572431	0.424391
gakkai_0330_new_calib_20130330_v_2_m	1.206831	0.518659	0.453869	-1.069282	-0.118407	-0.317682	1.215503	0.967059	-0.497733	0.304843
gakkai_0330_new_calib_20130330_v_4_m	1.299854	0.426853	0.235719	-0.908597	-0.235000	-0.766684	0.741418	0.406618	0.084831	-0.356825
gakkai_0330_new_calib_20130330_v_6_m	1.196047	0.587634	0.411360	-0.817590	0.314144	-0.400637	1.465525	0.147245	0.104676	-0.646560
gakkai_0330_new_calib_20130330_v_8_m	0.882173	0.392546	0.240857	-0.873394	0.122877	-0.373840	0.814239	0.062005	-0.491103	-0.000717
gakkai_0330_new_calib_20130330_v_12_m	2.050804	0.759395	0.198741	-0.793614	-1.349891	-0.285183	2.343339	0.239691	0.478588	0.050715
gakkai_0330_new_calib_20130330_v_14_m	1.796758	0.714004	0.367090	-0.891008	-1.116636	-0.271563	1.993413	0.022677	0.201309	0.150092
gakkai_0721-3_calib_0721-3_4	5.890967	0.347554	0.272860	-3.214557	0.360417	-4.894378	0.818131	0.232861	0.103087	0.323243
gakkai_0721-3_calib_0721-3_5	5.806860	0.377033	0.208518	-3.166824	0.266224	-4.792816	1.008432	0.176455	0.113598	0.216897
gakkai_0721-3_calib_0721-3_6	5.870792	0.483166	0.203509	-2.997360	0.497602	-4.792918	1.409559	0.093178	0.121582	0.093201
gakkai_0721-3_calib_0721-3_7	5.951706	0.494773	0.348363	-3.033246	0.164613	-4.960058	1.466782	0.499819	0.288425	0.093612
gakkai_0721-3_calib_0721-3_8	5.944546	0.441525	0.424905	-3.174047	0.190524	-4.911784	0.813905	0.255832	0.276332	0.230908
gakkai_0721-3_calib_0721-3_9	6.016639	0.502290	0.457845	-3.383254	0.216595	-5.050641	1.376102	0.407252	0.254487	0.414084
gakkai_0721-3_calib_0721-3_10	6.095109	0.749850	0.518572	-3.086708	-0.012052	-5.062797	1.580874	0.692001	0.399092	0.149337
gakkai_0721-3_calib_0721-3_1	5.335944	0.345886	0.132075	-2.895586	0.842331	-4.348329	0.844753	0.269905	0.144667	-1.087860
gakkai_0721-3_calib_0721-3_2	5.412259	0.443137	0.208943	-3.047661	0.463686	-4.399922	1.423297	0.277751	0.915140	-0.232769
gakkai_0721-3_calib_0721-3_3	5.595369	0.515552	0.183407	-3.115087	0.504037	-4.460936	1.683448	0.338785	0.503824	0.413988
gakkai_0721-3_calib_0721-3_4	5.906115	0.364393	0.242209	-3.214455	0.360145	-4.893762	0.941261	0.270975	0.550405	0.517053
gakkai_0721-3_calib_0721-3_5	5.807347	0.378888	0.208525	-3.166801	0.266233	-4.792421	1.011209	0.176461	0.116308	0.048433
gakkai_0721-3_calib_0721-3_6	5.871279	0.484654	0.203514	-2.997408	0.497757	-4.792454	1.411948	0.093182	0.662316	-0.773951
gakkai_0721-3_calib_0721-3_7	5.951943	0.495454	0.348352	-3.033362	0.164899	-4.959819	1.472387	0.499830	0.557093	-1.006987
gakkai_0721-3_calib_0721-3_8	5.944960	0.442468	0.424908	-3.173925	0.190233	-4.911615	0.815130	0.255836	0.246095	0.159281
gakkai_0721-3_calib_0721-3_9	6.017178	0.501420	0.457837	-3.383181	0.216260	-5.050415	1.394932	0.406993	1.291332	0.134492
gakkai_0721-3_calib_0721-3_10	6.095507	0.750336	0.518563	-3.086730	-0.011996	-5.062778	1.587953	0.692018	1.353478	0.434578
gakkai_0330_new_calib_20130330_v_1_m	1.536705	0.771851	0.594127	-1.186249	-0.374356	-0.424045	2.238784	0.817200	-0.571259	0.423836
gakkai_0330_new_calib_20130330_v_2_m	1.215414	0.540627	0.446197	-1.069349	-0.117940	-0.317569	1.249656	0.967128	-0.497325	0.304665
20131204_20131204_1	1.875673	0.274895	0.194975	0.911526	1.201945	1.069184	1.036567	0.231173	0.001573	-0.149343
20131204_20131204_2	1.625317	0.244034	0.304454	1.011507	0.962096	0.846426	0.723188	0.598200	0.155399	-0.347537
20131204_20131204_3	2.306710	0.434209	0.242869	0.838861	1.278302	1.447809	0.982473	0.161084	-0.090379	-0.038237
20131204_20131204_4	2.541523	0.461422	0.387396	1.070975	1.212416	1.631334	1.135688	0.647834	-0.258673	-0.180519
20131204_20131204_5	2.091119	0.378976	0.383750	1.140129	0.845211	1.399027	0.786594	0.216474	-0.102570	-0.384654
20131204_20131204_6	1.688134	0.410101	0.338231	0.970983	0.679789	1.121475	1.724003	1.195500	0.057725	-1.227289
20131204_20131204_7	1.117151	0.422489	0.343243	0.902121	0.371147	0.210013	1.684412	0.581214	0.421910	-0.249053
20131204_20131204_8	1.145650	0.287971	0.177733	0.677745	0.710384	0.649292	1.055616	0.066080	0.322500	-1.212020
20131204_20131204_9	1.353148	0.457265	0.233278	0.655637	0.925880	0.699059	1.362959	0.623044	0.496639	-0.393210
20131204_20131204_10	1.662218	0.329578	0.164520	0.783473	0.924805	1.013839	0.711300	0.179511	0.008359	-0.104804
20131204_calib_by_10_20131204_1	1.645360	0.345757	0.214169	0.916663	1.157449	0.680740	1.436978	0.138384	0.000442	-0.147025
20131204_calib_by_10_20131204_2	1.382225	0.360383	0.363214	0.977772	0.896363	0.390956	1.089941	0.441351	0.155054	-0.345320
20131204_calib_by_10_20131204_3	2.006504	0.357818	0.248442	0.874985	1.239851	1.090042	0.631503	0.039872	-0.090995	-0.036431
20131204_calib_by_10_20131204_4	2.328155	0.452311	0.415944	1.154506	1.199180	1.299885	0.861154	0.546282	-0.258629	-0.178100
20131204_calib_by_10_20131204_5	1.813360	0.325375	0.348954	1.162572	0.821718	1.055429	0.791497	0.423940	-0.101465	-0.367906
20131204_calib_by_10_20131204_6	1.332110	0.388866	0.393722	0.947445	0.645001	0.729889	1.953025	1.007753	0.058829	-1.227286
20131204_calib_by_10_20131204_7	1.388017	0.653862	0.497372	0.853314	0.203383	-0.350198	2.356827	1.042523	0.420425	-0.245882
20131204_calib_by_10_20131204_8	0.926105	0.407139	0.294454	0.637210	0.580038	0.143109	1.488305	0.412767	0.321692	-1.212829
20131204_calib_by_10_20131204_9	1.099944	0.494847	0.306494	0.633531	0.818261	0.236573	1.692571	0.650766	0.709115	-0.428787
20131204_calib_by_10_20131204_10	1.352367	0.242653	0.126197	0.788733	0.876016	0.620518	0.530208	0.020407	0.007170	-0.102799
20131204_calib_by_10_20131204_8	0.926105	0.407139	0.294454	0.637210	0.580038	0.143109	1.488305	0.412767	15.835608	-3.654479
20131204_calib_by_10_20131204_1	1.645360	0.345757	0.214169	0.916663	1.157449	0.680740	1.436978	0.138384	0.188737	-8.457848
20131204_calib_by_10_20131204_2	1.382225	0.360383	0.363214	0.977772	0.896363	0.390956	1.089941	0.441351	9.003085	-19.427951
20131204_calib_by_10_20131204_3	2.006504	0.357818	0.248442	0.874985	1.239851	1.090042	0.631503	0.039872	-5.125388	-2.023522
20131204_calib_by_10_20131204_4	2.328155	0.452311	0.415944	1.154506	1.199180	1.299885	0.861154	0.546282	-14.783473	-10.088934
20131204_calib_by_10_20131204_5	1.813360	0.325375	0.348954	1.162572	0.821718	1.055429	0.791497	0.423940	-5.896484	-21.163556
20131204_calib_by_10_20131204_6	1.332110	0.388866	0.393722	0.947445	0.645001	0.729889	1.953025	1.007753	2.367187	-31.599630
20131204_calib_by_10_20131204_7	1.388017	0.653862	0.497372	0.853314	0.203383	-0.350198	2.356827	1.042523	24.120709	-14.141980
20131204_calib_by_10_20131204_8	0.926105	0.407139	0.294454	0.637210	0.580038	0.143109	1.488305	0.412767	15.835608	-3.654479
20131204_calib_by_10_20131204_9	1.099944	0.494847	0.306494	0.633531	0.818261	0.236573	1.692571	0.650766	9.637127	3.780982
20131204_calib_by_10_20131204_10	1.352367	0.242653	0.126197	0.788733	0.876016	0.620518	0.530208	0.020407	0.651395	-5.934934
20131204_old_20131204_1-old	3.386039	1.204370	1.007471	2.241596	1.412735	1.411789	5.043509	2.929127	0.151528	-8.494605
20131204_old_20131204_2-old	2.942160	0.964342	0.536862	2.531563	0.890570	0.472254	6.519921	2.044137	9.067798	-19.390541
20131204_old_20131204_3-old	4.008054	1.502687	1.068112	2.479581	1.370482	1.847978	8.919904	3.089961	-5.303668	-1.942826
20131204_old_20131204_4-old	4.112981	1.466172	1.326532	2.459959	1.255018	2.059542	6.026846	3.983097	-14.737255	-10.094223
20131204_old_20131204_5-old	3.560063	1.289543	1.251628	2.564911	0.810560	1.786617	7.042983	3.160530	-5.986711	-21.150296
20131204_old_20131204_6-old	3.200220	1.699305	1.245933	2.334837	0.593457	1.105212	8.531839	6.563016	2.374569	-31.521623
20131204_old_20131204_7-old	2.545315	0.558409	0.574974	2.339442	0.307852	-0.164285	1.625775	0.869270	24.073380	-14.091301
20131204_old_20131204_8-old	2.434585	0.435763	0.354007	2.279059	0.739317	0.373213	2.543243	0.266764	15.813126	-3.621901
20131204_old_20131204_9-old	2.646421	0.664623	0.416644	2.232421	1.091892	0.544417	1.908833	0.077357	9.676468	3.801799
20131204_old_20131204_10-old	3.411840	1.328127	1.193082	2.213715	1.123756	1.336349	5.249954	1.153706	0.657908	-5.976859
20131204_old_g_20131204_1-old	4.608471	3.442864	2.735190	-0.009195	0.670852	2.307330	7.883354	4.074215	-0.391800	-9.142664
20131204_old_g_20131204_2-old	3.069978	3.187357	1.662109	0.279456	-0.147726	-0.088721	7.287281	2.212181	8.878220	-20.165325
20131204_old_g_20131204_3-old	5.768230	3.738053	2.898874	0.434876	0.506426	3.678790	7.519306	5.076264	-6.068420	-2.574421
20131204_old_g_20131204_4-old	5.370539	3.219363	3.340683	0.548368	-0.510608	3.708495	8.351268	3.486114	-15.690657	-10.770735
20131204_old_g_20131204_5-old	3.694625	2.948469	2.939935	0.395954	-0.620974	2.176067	6.778410	3.990097	-6.498369	-21.747664
20131204_old_g_20131204_6-old	4.283656	4.150028	1.988600	0.229602	-0.913627	0.186659	12.104203	3.849425	2.244112	-32.454276
20131204_old_g_20131204_7-old	3.486379	3.287302	1.174578	0.177319	-0.461198	-1.074409	9.422741	1.733658	24.260791	-15.141927
20131204_old_g_20131204_8-old	4.120498	3.904047	1.405403	-0.024395	0.604462	-0.012480	12.259874	3.129703	15.584606	-4.432109
20131204_old_g_20131204_9-old	4.975894	4.222123	3.171244	0.143017	1.163497	0.793583	12.668109	0.384858	9.134842	3.081603
20131204_old_g_20131204_10-old	4.862727	3.555627	2.878539	-0.015299	0.519329	2.327561	7.959558	3.809286	0.097412	-6.629333
20131204_calib_by_10_20131204_1	1.645360	0.345757	-1.#IND00	0.916663	1.157449	0.680740	1.436978	-1.#IND00	0.188737	-8.457848
20131204_calib_by_10_20131204_1	1.645360	0.345757	0.000001	0.916663	1.157449	0.680740	1.436978	0.000000	0.188737	-8.457848
20131204_calib_by_10_20131204_2	1.382225	0.360383	0.000001	0.977772	0.896363	0.390956	1.089941	0.000001	9.003085	-19.427951
20131204_calib_by_10_20131204_3	2.006504	0.357818	0.000001	0.874985	1.239851	1.090042	0.631503	0.000000	-5.125388	-2.023522
20131204_calib_by_10_20131204_4	2.328155	0.452311	0.000001	1.154506	1.199180	1.299885	0.861154	0.000002	-14.783473	-10.088934
20131204_calib_by_10_20131204_5	1.813360	0.325375	0.000001	1.162572	0.821718	1.055429	0.791497	0.000001	-5.896484	-21.163556
20131204_calib_by_10_20131204_6	1.332110	0.388866	0.000001	0.947445	0.645001	0.729889	1.953025	0.000003	2.367187	-31.599630
20131204_calib_by_10_20131204_7	1.388017	0.653862	0.000002	0.853314	0.203383	-0.350198	2.356827	0.000003	24.120709	-14.141980
20131204_calib_by_10_20131204_8	0.926105	0.407139	0.000001	0.637210	0.580038	0.143109	1.488305	0.000001	15.835608	-3.654479
20131204_calib_by_10_20131204_9	1.099944	0.494847	0.000001	0.633531	0.818261	0.236573	1.692571	0.000002	9.637127	3.780982
20131204_calib_by_10_20131204_10	1.352367	0.242653	0.000000	0.788733	0.876016	0.620518	0.530208	0.000000	0.651395	-5.934934
20131204_calib_by_10_20131204_1	1.645360	0.345757	0.087434	0.916663	1.157449	0.680740	1.436978	0.056495	0.188737	-8.457848
20131204_calib_by_10_20131204_2	1.382225	0.360383	0.148282	0.977772	0.896363	0.390956	1.089941	0.180181	9.003085	-19.427951
20131204_calib_by_10_20131204_3	2.006504	0.357818	0.101426	0.874985	1.239851	1.090042	0.631503	0.016278	-5.125388	-2.023522
20131204_calib_by_10_20131204_4	2.328155	0.452311	0.169808	1.154506	1.199180	1.299885	0.861154	0.223019	-14.783473	-10.088934
20131204_calib_by_10_20131204_5	1.813360	0.325375	0.142460	1.162572	0.821718	1.055429	0.791497	0.173073	-5.896484	-21.163556
20131204_calib_by_10_20131204_6	1.332110	0.388866	0.160736	0.947445	0.645001	0.729889	1.953025	0.411414	2.367187	-31.599630
20131204_calib_by_10_20131204_7	1.388017	0.653862	0.203051	0.853314	0.203383	-0.350198	2.356827	0.425608	24.120709	-14.141980
20131204_calib_by_10_20131204_8	0.926105	0.407139	0.120210	0.637210	0.580038	0.143109	1.488305	0.168512	15.835608	-3.654479
20131204_calib_by_10_20131204_9	1.099944	0.494847	0.125126	0.633531	0.818261	0.236573	1.692571	0.265674	9.637127	3.780982
20131204_calib_by_10_20131204_10	1.352367	0.242653	0.051520	0.788733	0.876016	0.620518	0.530208	0.008331	0.651395	-5.934934
20131204_old_cb_10_20131204_1-old	3.082419	1.174570	0.425115	2.084154	1.156802	1.390374	4.303888	1.149962	0.122932	-8.473914
20131204_old_cb_10_20131204_2-old	2.600479	1.145095	0.251661	2.334180	0.613100	0.382570	6.227902	0.665689	8.985840	-19.362068
20131204_old_cb_10_20131204_3-old	3.887250	1.614733	0.440523	2.349525	1.129082	1.844082	9.200541	1.383280	-5.302944	-1.926220
20131204_old_cb_10_20131204_4-old	3.909630	1.482516	0.504715	2.338843	0.958834	2.060236	6.075845	1.562155	-14.678682	-10.059830
20131204_old_cb_10_20131204_5-old	3.305588	1.279546	0.494405	2.397690	0.498553	1.787854	7.089457	1.437680	-5.971057	-21.110459
20131204_old_cb_10_20131204_6-old	2.881595	1.847690	0.544037	2.134425	0.273620	1.051176	8.859999	2.666298	2.344554	-31.483862
20131204_old_cb_10_20131204_7-old	2.331911	0.686985	0.311112	2.138139	0.045264	-0.363213	1.993438	0.440703	23.866994	-14.016652
20131204_old_cb_10_20131204_8-old	2.149690	0.594168	0.192405	2.111206	0.515498	0.232617	2.137998	0.044438	15.677006	-3.596256
20131204_old_cb_10_20131204_9-old	2.453868	0.836867	0.234834	2.097288	0.892357	0.443866	2.025383	0.146657	9.588481	3.814432
20131204_old_cb_10_20131204_10-old	3.132071	1.320079	0.515299	2.061626	0.878924	1.311979	4.935390	0.613314	0.626109	-5.957868
20140628_cal_20140628_o_1	163.911396	499.745962	9.156528	-394.569417	40.603350	275.833330	624.351704	46.931540	-101.481206	-103.390642
20140629_cal_20140629_out_1	159.417418	96.179938	21.439760	22.116412	6.880887	158.272840	281.208093	38.847460	94.233691	-330.023156
20140630ss_cal_20140630ss_out_1	172.032502	755.929308	85.512701	362.926239	757.985261	326.853369	830.811168	33.390555	8033.880946	2764.673047
20140629s_cal_20140629s_out_1	159.417418	96.179938	21.439760	22.116412	6.880887	158.272840	281.208093	38.847460	94.233691	-330.023156
testB_cal_testB_out_1	3.572350	0.321600	0.063745	-1.436084	2.904717	-1.482846	0.833351	0.038508	0.001833	58.771755
testB_cal_20140701_out_1	8.948085	3.391789	0.640623	-2.971184	2.851603	-4.420373	8.673560	0.456773	2.697403	21.783482
mimura_20140701_out_1	36.760882	31.561277	12.757215	4.948656	-7.120126	-4.705566	83.137329	8.856037	10.460916	6.973670
md4_cal_md4_out_1	14.034984	15.222754	0.049696	3.330841	-1.602557	-4.225075	24.254868	0.007144	3.700971	-10.114901
md4_cal_md4_out_1	3.456274	0.418991	0.049696	-1.076767	-2.814497	1.620087	1.424138	0.135573	3.700971	-10.114901
md4s_cal_md4s_out_1	5.685093	2.614932	0.374555	-0.117645	-4.105816	1.647843	14.507066	0.334982	6.674884	-10.994929
md4s_cal_md4s_out_2	8.535825	5.410414	1.029884	-0.302276	-4.097548	1.494263	100.746454	18.634538	33.660528	-12.359394
md4s_cal_md4s_out_3	6.400264	2.866556	0.181951	-0.443907	-4.085403	1.020271	44.599467	0.687740	-10.842508	-9.935238
md4s_cal_md4s_out_4	4.675630	1.158110	0.265696	-0.598042	-4.245609	0.938831	5.694180	0.374510	-12.381100	19.470732
md4s_cal_md4s_out_5	4.715402	1.166359	0.177152	-0.452894	-4.353573	0.518833	4.499699	0.129840	7.066260	17.900764
md4s_cal_md4s_out_6	8.264802	5.166901	0.696238	-0.462521	-4.274488	0.696249	102.956755	11.493485	33.486657	16.974865
md4s_cal_md4s_out_8	3.956646	1.200158	0.226003	0.498501	-4.197696	0.055502	3.803727	0.315739	16.067401	-36.265911
md4s_cal_md4s_out_8	3.956646	1.200158	0.226003	0.498501	-4.197696	0.055502	3.803727	0.315739	16.067401	-36.265911
md4s_cal_md4s_out_1	9.618707	6.214087	1.532602	-0.348566	-6.313127	0.062078	17.464350	0.380719	6.179338	-9.627597
md4sp_cal_md4s_out_1	5.685093	2.614932	0.374555	-0.117645	-4.105816	1.647843	14.507066	0.334982	6.674884	-10.994929
md4sp_cal_md4s_out_2	8.535825	5.410414	1.029884	-0.302276	-4.097548	1.494263	100.746454	18.634538	33.660528	-12.359394
md4sp_cal_md4s_out_3	6.400264	2.866556	0.181951	-0.443907	-4.085403	1.020271	44.599467	0.687740	-10.842508	-9.935238
md4sp_cal_md4s_out_4	4.675630	1.158110	0.265696	-0.598042	-4.245609	0.938831	5.694180	0.374510	-12.381100	19.470732
md4sp_cal_md4s_out_5	4.715402	1.166359	0.177152	-0.452894	-4.353573	0.518833	4.499699	0.129840	7.066260	17.900764
md4sp_cal_md4s_out_6	8.264802	5.166901	0.696238	-0.462521	-4.274488	0.696249	102.956755	11.493485	33.486657	16.974865
md4sp_cal_md4s_out_7	11.584651	8.338375	1.619478	0.660709	-4.325568	0.479647	108.109780	10.795881	41.697770	-42.438671
md4sp_cal_md4s_out_8	3.956646	1.200158	0.226003	0.498501	-4.197696	0.055502	3.803727	0.315739	16.067401	-36.265911
md4sp_cal_md4s_out_9	4.018321	1.600767	0.260301	0.941330	-3.990652	-0.233015	7.711645	0.134051	6.087764	-33.543426
md4Ntest_cal_md4Ntest_out_1	3.081415	0.268314	0.106523	-0.628136	-2.900297	0.887832	0.849294	0.084103	-1.456783	3.165786
md4s_cal_md4s_out_1	9.618707	6.214087	1.532602	-0.348566	-6.313127	0.062078	17.464350	0.380719	6.179338	-9.627597
md4s_cal_md4s_out_1	9.618707	6.214087	1.532602	-0.348566	-6.313127	0.062078	17.464350	0.380719	6.179338	-9.627597
07113_cal_0709_out_1	11.500115	8.145991	3.961454	3.489638	-4.795840	1.648075	29.041518	7.484315	-1.176210	0.679620
07113_cal_0709_out_1	34.859056	15.574024	12.279555	-25.957118	-0.779861	1.412093	53.825929	8.501821	-1.576580	-3.108505
0711_cal_0711_out_1	5.023853	2.848248	1.268011	1.646363	-3.274366	-0.413524	7.724052	1.813868	-0.893140	-2.901838
0711_cal_0711_out_2	4.393052	2.512834	0.832993	0.948625	-2.926837	-1.161248	9.528436	1.735296	-28.114386	-4.345597
0711one_cal_0711_out_1	3.378237	0.289042	0.072423	-1.473768	-2.919838	0.913655	0.595215	0.059864	-1.086278	-4.145309
0711one_cal_0711_out_2	5.923320	3.283918	1.082745	-3.553281	-1.945185	1.614658	8.313375	2.056145	-28.968084	-4.387481
0711one_cal_0711_out_3	4.410031	3.021776	2.074905	-1.705203	-3.009291	-1.159705	9.242596	1.906328	30.063383	-4.795885
0711_cal_0711_out_4	9.964812	10.111623	2.120134	3.881088	-0.649047	1.110926	24.265891	5.558240	35.952629	24.464424
0711_cal_0711_out_4	9.964812	10.111623	2.120134	3.881088	-0.649047	1.110926	24.265891	5.558240	35.952629	24.464424
0709_cal_0711_out_4	3.187787	2.106403	0.476817	-0.664766	-1.961240	0.154878	4.119144	0.228341	28.888614	26.436792
0709_cal_0711_out_4	8.415151	4.027020	2.637987	3.150649	-5.251272	-1.369318	8.616561	4.166179	29.303867	30.546579
md4Ntest_cal_0711_out_1	12.436993	7.490091	6.279234	-7.614808	1.137840	0.585818	21.578819	6.558175	-0.026785	-5.367444
0709_cal_0711_out_1	6.974781	4.749229	1.483798	1.513645	-2.878675	1.993882	18.968098	3.626602	-0.546312	-3.567001
0709_cal_0711_out_1	20.682407	12.875407	6.061808	9.934676	-8.107201	-0.039110	35.971452	6.892077	-1.754281	-3.495353
07113_cal_07113_out_1	2.779996	1.330977	0.503778	-0.187015	-2.279118	0.048626	4.009586	1.270824	-2.437465	-3.459908
07113_cal_0709_out_1	11.500115	8.145991	3.961454	3.489638	-4.795840	1.648075	29.041518	7.484315	-1.176210	0.679620
07113_cal_0709_out_1	34.859056	15.574024	12.279555	-25.957118	-0.779861	1.412093	53.825929	8.501821	-1.576580	-3.108505
0709_cal_0709_out_1-old	5.457514	3.422104	1.617160	1.670428	-2.958305	-0.181035	8.826137	2.011516	-0.891095	1.627404
80test_cal_80test_out_1	15.023037	14.716760	1.531771	8.933908	-8.322834	2.163427	25.226561	0.122158	-1.210294	-2.905754
80test_cal_80test_out_1	7.872319	2.437098	1.531771	5.018165	-4.298109	-2.328422	7.846886	2.336015	-1.210294	-2.905754
80test_cal_80test_out_2	6.324616	1.040139	0.374526	3.788803	-3.147196	-3.484867	2.183735	0.704836	28.484517	-3.780841
80test_cal_80test_out_3	5.136673	1.291962	0.373544	3.157535	-2.501007	-2.723213	4.429331	0.751538	-28.947379	-3.593313
80test_cal_80test_out_4	4.277250	0.997609	0.348556	2.441380	-1.952952	-2.871216	2.041780	0.620000	-29.295340	24.401092
80test_cal_80test_out_5	5.290849	1.106103	0.505566	2.475365	-2.404175	-3.993972	2.844208	0.324818	-1.149306	24.718855
80test_cal_80test_out_6	6.061098	0.919318	0.282747	3.290910	-2.410683	-4.269864	1.674380	0.210711	27.014684	24.896501
80test_cal_80test_out_7	7.194227	2.054825	0.663921	3.005477	-2.185945	-5.406067	8.351952	2.256247	28.604070	-32.501085
80test_cal_80test_out_8	6.032165	1.604339	0.529907	2.174480	-2.481035	-4.613583	7.553849	1.879844	-0.466176	-30.847891
80test_cal_80test_out_9	4.617344	1.421710	0.526951	2.011811	-2.155557	-3.351080	6.244374	1.170190	-26.732882	-31.147419
0713_cal_0713_out_1	5.031153	2.870368	1.301027	1.112169	-3.355789	-0.404225	7.520930	1.862981	1.987461	-3.445634
0713_cal_0713_out_2	3.589751	1.458801	0.628057	0.440538	-2.500740	-1.108684	3.828694	1.195384	27.072625	-4.450256
0713_cal_0713_out_3	3.311919	1.336068	0.386356	-0.419786	-2.605596	-0.974228	4.343760	0.438519	-28.410765	-4.394568
0713_cal_0713_out_4	2.440153	1.000189	0.317931	-1.018244	-1.863436	-1.013611	3.815664	0.800017	-28.361330	24.341547
0713_cal_0713_out_5	3.109115	0.995637	0.293261	-0.639010	-2.091498	-1.987955	2.375204	0.317466	-1.431096	24.169653
0713_cal_0713_out_6	3.530791	1.080893	0.486569	-0.205548	-1.928757	-2.649043	2.551066	0.651694	25.975380	24.395218
0713_cal_0713_out_7	4.641607	2.323717	0.643359	-0.030704	-1.697886	-3.474957	10.917523	1.335270	27.478034	-32.714107
0713_cal_0713_out_8	3.631479	1.595541	0.418458	-0.565971	-2.049946	-2.466647	6.250097	0.623207	0.602212	-31.583836
0713_cal_0713_out_9	2.855508	1.535218	0.458070	-0.852228	-1.909772	-1.365990	6.076608	1.237704	-27.185855	-31.955008
0713_cal_0713a_out_1	6.938266	3.980124	2.311195	-2.287528	-0.489279	-4.459127	12.186314	3.122203	1.377531	-2.588134
0713_cal_0713a_out_2	6.690303	3.895820	2.455316	-2.254483	-0.456481	-4.373324	11.239869	2.829603	0.825625	2.159543
0713_cal_0713a_out_3	6.541466	3.803573	2.508772	-2.398696	-0.533586	-4.448336	10.400727	2.772636	0.797499	6.421332
0713_cal_0713a_out_4	6.190853	3.485908	2.430896	-2.153105	-0.600441	-4.221246	9.508685	2.664374	0.777415	10.651026
0713_cal_0713a_out_5	6.680367	3.779175	2.547465	-2.821914	-0.213662	-4.453226	9.600338	3.015546	-1.962171	15.415453
0713_cal_0713a_out_6	6.409449	3.354701	2.497468	-2.080182	-0.185286	-4.713351	9.056293	2.949643	0.184148	20.315591
0713_cal_0713a_out_7	6.176590	3.069295	2.183949	-1.960251	-0.038730	-4.878562	8.283988	2.954641	-0.481820	24.904878
0713_cal_0713_out_1	35.364326	24.465024	8.439094	16.650800	-10.132217	10.816745	74.004351	12.181887	8.432132	-12.649847
0713one_cal_0713_out_1	3.452486	0.272592	0.072649	-1.788811	-2.792960	0.994167	0.517530	0.167656	2.346373	-4.718083
0713one_cal_0713_out_2	3.933614	2.531911	1.693809	-1.971209	-2.655924	-0.305415	8.032000	1.584642	27.405128	-5.521090
0713one_cal_0713a_out_1	9.182398	5.943049	3.878112	-5.207656	-0.138288	-2.967980	17.195497	5.652971	1.841304	-3.921024
0713a_one_cal_0713a_out_1	3.133010	0.241846	0.089922	-0.918776	-2.827656	0.972050	0.568696	0.003797	1.708656	-4.049910
0713a_one_cal_0713a_out_2	3.192968	0.424522	0.182369	-0.763603	-2.852795	1.121873	1.254080	0.257214	1.175394	0.982528
0713_cal_0713_out_1	35.364326	24.465024	8.439094	16.650800	-10.132217	10.816745	74.004351	12.181887	8.432132	-12.649847
0713_cal_0713_out_1	35.364326	24.465024	8.439094	16.650800	-10.132217	10.816745	74.004351	12.181887	8.432132	-12.649847
0713one_cal_0713_out_1	3.452486	0.272592	0.072649	-1.788811	-2.792960	0.994167	0.517530	0.167656	2.346373	-4.718083
0713_cal_0713_out_1	35.364326	24.465024	8.439094	16.650800	-10.132217	10.816745	74.004351	12.181887	8.432132	-12.649847
0713one_cal_0713_out_2	3.933614	2.531911	1.693809	-1.971209	-2.655924	-0.305415	8.032000	1.584642	27.405128	-5.521090
0713one_cal_0713_out_3	7.401268	4.412307	1.422449	-4.633146	-1.240620	1.596916	10.536758	2.919675	-28.736865	-4.618057
0713one_cal_0713_out_4	6.101149	3.151592	1.321334	-4.333404	-0.448231	1.115582	6.230780	0.339411	-28.609613	23.300104
0713_cal_0713_out_1	3.038348	0.664140	0.151764	-0.272665	-1.868109	-2.391599	1.723116	0.173787	2.313030	-3.628505
0713_cal_0713_out_2	4.504937	2.228761	1.270743	-0.471393	-1.205345	-3.784655	7.090939	1.739498	27.205757	-4.420323
0713_cal_0713_out_3	4.063299	2.846684	0.914827	-2.101323	-1.158230	-1.621151	7.761975	1.567759	-28.464126	-4.210917
0713_cal_0713_out_1	3.038348	0.664140	0.151764	-0.272665	-1.868109	-2.391599	1.723116	0.173787	2.313030	-3.628505
0713_cal_0713_out_4	4.038481	2.499114	0.908744	-2.461442	-0.134777	-1.856330	5.539440	1.250213	-28.393490	24.205306
0713_cal_0713_out_5	4.606992	2.138645	1.205230	-1.534764	-0.533174	-3.849316	5.773429	1.966484	-1.056600	23.684646
0713_cal_0713_out_6	5.991897	3.003147	2.008757	-0.537988	-0.576736	-4.937797	6.832439	2.895446	26.439491	23.519266
0713_cal_0713_out_7	8.904275	5.593513	1.770595	-1.186131	-0.613541	-6.274437	22.974970	4.252033	27.688694	-32.336991
0713_cal_0713_out_8	7.204353	4.338548	1.285666	-2.073578	-0.710269	-4.458759	17.771930	2.503305	0.827848	-31.067962
0713_cal_0713_out_9	5.427452	3.883995	1.341022	-2.390426	-0.304284	-2.055495	12.937852	1.437379	-27.496700	-31.445817
0716_cal_0716_out_1	3.659044	2.496936	1.477205	-0.214644	0.924410	2.543653	5.722808	1.689174	0.860373	7.900346
0716_cal_0716_out_2	3.043930	2.068207	0.873381	-0.898715	1.216320	1.830239	8.365932	1.792539	-27.381738	7.526290
0716_cal_0716_out_3	2.958077	1.244195	0.437122	-1.463488	1.837148	1.419637	2.872759	0.726007	30.831253	4.871562
0716_cal_0716_out_4	3.319900	1.079605	0.354961	-1.855809	2.198926	1.117715	2.690937	0.334858	29.536345	32.050450
0716_cal_0716_out_5	3.789476	1.210081	0.481542	-2.232839	2.606355	1.027351	3.248471	0.514441	-1.169728	31.260727
0716_cal_0716_out_6	4.767857	1.690662	0.307614	-2.754027	3.075304	1.376158	3.968250	0.529254	-31.181668	34.085970
0716_cal_0716_out_7	3.668515	1.669385	0.444642	-2.181596	2.304820	1.270226	5.457262	0.658817	-27.352782	-20.300568
0716_cal_0716_out_8	3.715450	1.754007	0.600253	-2.244783	2.420040	0.176856	6.649799	1.701045	0.118642	-20.244268
0716_cal_0716_out_9	4.028652	1.993238	0.778101	-1.975474	2.753699	-0.482217	6.803161	1.078811	31.430386	-22.160840
07162_cal_07162_out_1	2.296320	1.023479	0.367155	-0.788496	1.304229	-1.598368	2.228652	0.459993	30.182346	-24.717268
07162_cal_07162_out_2	3.584121	3.083019	0.627507	-0.857505	1.031166	-1.101669	60.859148	11.517629	1.861501	-24.039906
07162_cal_07162_out_3	1.656256	0.749197	0.139501	-1.065921	1.160629	-0.822105	2.116185	0.114516	-27.898934	-22.974900
07162_cal_07162_out_4	1.779955	0.848478	0.291354	-1.348658	1.317054	-0.825497	3.022333	0.497008	-27.998983	5.137472
07162_cal_07162_out_5	2.374371	0.615577	0.196829	-1.330444	1.622765	-1.434447	1.327142	0.295880	1.411837	4.733345
07162_cal_07162_out_6	2.389663	0.711640	0.195238	-1.770007	1.695252	-1.161483	1.873975	0.017768	-28.356768	5.087376
07162_cal_07162_out_8	3.337973	0.580212	0.158944	-2.092411	1.956901	-1.882620	1.788392	0.288977	0.331366	33.442404
07162_cal_07162_out_9	3.945730	0.656691	0.194566	-2.552560	2.429340	-1.263641	1.537015	0.019121	-33.538985	34.722254
07162_cal_07162_out_7	3.273960	0.469974	0.269846	-2.220799	1.892786	-1.257453	1.469427	0.585800	-29.173540	33.952147
07162_cal_07162_out_2	1.428568	0.868588	0.202003	-0.857505	1.031166	-1.101669	2.633288	0.099917	1.696138	-23.785814
07162_cal_07162_out_1	2.295338	1.023659	0.367155	-0.788496	1.304229	-1.598368	2.200513	0.459994	30.182646	-24.716923
07162_cal_07162_out_1	2.295338	1.023659	0.367155	-0.788496	1.304229	-1.598368	2.200513	0.459994	30.182646	-24.716923
07162_cal_07162_out_2	1.890318	0.997804	0.269646	-1.457284	0.673970	-1.345577	3.262069	0.371605	1.445057	-23.583319
07162_cal_0718_out_1	3.178864	0.637173	0.168924	-1.841580	0.947697	-2.320681	1.415922	0.070987	-0.378509	4.184937
07162_cal_0718_out_2	4.938116	2.275202	1.027341	-3.328517	2.049727	-0.913374	6.892567	1.255704	-28.537689	5.054373
07162_cal_0718_out_2	4.926522	2.263248	1.027340	-3.328517	2.049727	-0.913374	6.847291	1.255707	-28.536785	5.051785
07162_cal_07162_out_1-old	2.419933	1.081111	0.329387	-0.880696	1.339830	-1.685690	2.530158	0.344235	30.182376	-24.703823
07162_cal_07162_out_2-old	1.453472	0.797986	0.182446	-0.908444	1.070666	-1.135823	2.385864	0.515489	1.697530	-23.776568
07162_cal_07162_out_3-old	1.683863	0.722555	0.144800	-1.037706	1.132660	-0.782682	2.224322	0.136652	-27.915935	-22.972505
07162_cal_07162_out_4-old	1.761471	0.846552	0.278669	-1.347286	1.316976	-0.836691	2.943581	0.493994	-27.996427	5.112105
07162_cal_07162_out_5-old	2.380772	0.626889	0.206751	-1.326107	1.638286	-1.450304	1.392138	0.307000	1.407189	4.716379
07162_cal_07162_out_6-old	2.383854	0.748615	0.197146	-1.774493	1.695400	-1.182776	1.907852	0.013950	-28.340846	5.060371
07162_cal_07162_out_7-old	3.243610	0.571878	0.270871	-2.239685	1.943754	-1.297693	2.489699	0.743655	-29.195128	33.901343
07162_cal_07162_out_8-old	3.391602	0.642257	0.180956	-2.150978	1.953505	-1.891082	1.826460	0.306783	0.363530	33.458520
07162_cal_07162_out_9-old	4.016303	0.737380	0.180305	-2.589235	2.476244	-1.280086	1.662796	0.280460	-33.536010	34.721206
07162_cal_07162_out_1	2.295338	1.023659	0.367155	-0.788496	1.304229	-1.598368	2.200513	0.459994	30.182646	-24.716923
07162_cal_07162_out_2	1.428568	0.868588	0.202003	-0.857505	1.031166	-1.101669	2.633288	0.099917	1.696138	-23.785814
07162_cal_07162_out_3	1.653638	0.746953	0.139501	-1.065921	1.160629	-0.822105	2.099958	0.114515	-27.898663	-22.975127
07162_cal_07162_out_4	1.775099	0.845276	0.291355	-1.348658	1.317054	-0.825497	2.948740	0.497009	-27.998195	5.138688
07162_cal_07162_out_5	2.373111	0.615546	0.196829	-1.330444	1.622765	-1.434447	1.327394	0.295881	1.412086	4.733125
07162_cal_07162_out_6	2.387621	0.711979	0.195238	-1.770007	1.695252	-1.161483	1.873954	0.017768	-28.356607	5.086724
07162_cal_07162_out_7	3.271098	0.469673	0.269847	-2.220799	1.892786	-1.257453	1.469126	0.585801	-29.173620	33.951524
07162_cal_07162_out_8	3.337607	0.580108	0.158944	-2.092411	1.956901	-1.882620	1.788022	0.288977	0.331397	33.442366
07162_cal_07162_out_9	3.943924	0.657191	0.194566	-2.552560	2.429340	-1.263641	1.537002	0.019121	-33.538886	34.721591
07162_cal_07162_out_1-old	2.420861	1.081505	0.329387	-0.880696	1.339830	-1.685690	2.530346	0.344236	30.182036	-24.704134
07162_cal_07162_out_2-old	3.595139	2.983554	0.605243	-0.908444	1.070666	-1.135823	60.409299	11.417930	1.860396	-24.027162
07162_cal_07162_out_3-old	1.686467	0.724830	0.144800	-1.037706	1.132660	-0.782682	2.243863	0.136652	-27.916157	-22.972350
07162_cal_07162_out_4-old	1.766041	0.849290	0.278669	-1.347286	1.316976	-0.836691	3.016751	0.493994	-27.997194	5.110875
07162_cal_07162_out_5-old	2.382005	0.626875	0.206751	-1.326107	1.638286	-1.450304	1.392176	0.307000	1.406940	4.716599
07162_cal_07162_out_6-old	2.385891	0.748195	0.197146	-1.774493	1.695400	-1.182776	1.907854	0.013950	-28.341012	5.061039
07162_cal_07162_out_7-old	3.246353	0.571774	0.270871	-2.239685	1.943754	-1.297693	2.479901	0.743655	-29.195041	33.901998
07162_cal_07162_out_8-old	3.391899	0.642236	0.180956	-2.150978	1.953505	-1.891082	1.826621	0.306783	0.363498	33.458545
07162_cal_07162_out_9-old	4.017994	0.737067	0.180305	-2.589235	2.476244	-1.280086	1.671524	0.280460	-33.536098	34.721809
md4s_cal_md4s_out_1	5.202759	2.418135	0.383133	-0.109900	-4.117634	1.636500	13.113115	0.096083	6.419654	-10.910117
md4s_cal_md4s_out_2	4.809698	1.674825	0.353782	-0.291502	-4.107764	1.481696	6.218780	0.733131	33.105811	-15.006498
md4s_cal_md4s_out_3	4.811162	1.212619	0.165130	-0.436342	-4.098909	1.011058	5.226913	0.373333	-11.233647	-9.856455
md4s_cal_md4s_out_4	4.752568	1.259864	0.265803	-0.592273	-4.260974	0.929600	5.248857	0.374671	-12.393636	19.495267
md4s_cal_md4s_out_5	4.711980	1.138824	0.179075	-0.446837	-4.366223	0.507302	4.374734	0.133272	7.061050	17.909605
md4s_cal_md4s_out_6	4.573289	1.373425	0.276369	-0.453615	-4.285823	0.683949	4.767864	0.379068	32.222504	14.058908
md4s_cal_md4s_out_7	4.325657	0.952080	0.240192	0.675468	-4.333711	0.468481	4.163611	0.528747	36.772206	-41.886868
md4s_cal_md4s_out_8	3.967819	1.196221	0.226627	0.509011	-4.207584	0.044590	3.777112	0.316303	16.071030	-36.264431
md4s_cal_md4s_out_9	4.029318	1.595219	0.259982	0.950889	-4.001579	-0.243272	7.692485	0.131111	6.090530	-33.540912
md4s_cal_md4s_out_1	5.689527	2.611533	0.374423	-0.109900	-4.117634	1.636500	14.515585	0.334716	6.674263	-10.993384
md4s_cal_md4s_out_2	8.536999	5.403778	1.029184	-0.291502	-4.107764	1.481696	100.784475	18.629570	33.661009	-12.358908
md4s_cal_md4s_out_3	6.415121	2.870061	0.181876	-0.436342	-4.098909	1.011058	44.605076	0.686625	-10.844046	-9.933582
md4s_cal_md4s_out_4	4.689067	1.159856	0.267559	-0.592273	-4.260974	0.929600	5.630277	0.374665	-12.385652	19.474653
md4s_cal_md4s_out_5	4.728926	1.170026	0.179075	-0.446837	-4.366223	0.507302	4.449985	0.133272	7.062582	17.901934
md4s_cal_md4s_out_6	8.280715	5.170051	0.696015	-0.453615	-4.285823	0.683949	102.960661	11.490836	33.484414	16.975694
md4s_cal_md4s_out_7	11.593898	8.338654	1.619912	0.675468	-4.333711	0.468481	108.119330	10.796274	41.702108	-42.439681
md4s_cal_md4s_out_8	3.971340	1.198555	0.226627	0.509011	-4.207584	0.044590	3.776543	0.316304	16.069936	-36.265036
md4s_cal_md4s_out_9	4.033998	1.596289	0.259982	0.950889	-4.001579	-0.243272	7.692389	0.131111	6.089300	-33.542490
md4s_cal_md4s_out_1	5.196699	2.421789	0.383267	-0.117645	-4.105816	1.647843	13.089079	0.096325	6.420588	-10.911719
md4s_cal_md4s_out_1	5.196699	2.421789	0.383267	-0.117645	-4.105816	1.647843	13.089079	0.096325	6.420588	-10.911719
md4s_cal_md4s_out_2	4.809826	1.683022	0.354242	-0.302276	-4.097548	1.494263	6.270451	0.735600	33.105275	-15.007847
md4s_cal_md4s_out_3	4.796541	1.209817	0.165125	-0.443907	-4.085403	1.020271	5.266719	0.374333	-11.231919	-9.858298
md4s_cal_md4s_out_4	4.743060	1.262579	0.263792	-0.598042	-4.245609	0.938831	5.314365	0.374515	-12.389515	19.492528
md4s_cal_md4s_out_5	4.698535	1.135360	0.177152	-0.452894	-4.353573	0.518833	4.426636	0.129840	7.064724	17.908408
md4s_cal_md4s_out_6	4.557430	1.370051	0.276725	-0.462521	-4.274488	0.696249	4.731243	0.375487	32.225518	14.057575
md4s_cal_md4s_out_7	4.316552	0.952935	0.240061	0.660709	-4.325568	0.479647	4.206338	0.526242	36.767754	-41.885505
md4s_cal_md4s_out_8	3.953108	1.197788	0.226003	0.498501	-4.197696	0.055502	3.803729	0.315739	16.068492	-36.265313
md4s_cal_md4s_out_9	4.013638	1.599667	0.260301	0.941330	-3.990652	-0.233015	7.711679	0.134051	6.088992	-33.541846
07162_cal_07162_out_1	1.984048	0.729651	0.213673	-1.154931	1.062383	-1.443591	2.069820	0.132235	30.055960	-24.820854
07162_cal_07162_out_2	1.890318	0.997804	0.269646	-1.457284	0.673970	-1.345577	3.262069	0.371605	1.445057	-23.583319
07162_cal_07162_out_3	2.658253	1.393855	0.568573	-1.930793	0.867703	-1.145430	5.446991	0.598420	-27.948862	-22.594807
07162_cal_07162_out_4	2.977825	1.797589	0.792302	-2.568727	0.913974	-1.027950	4.980979	0.275570	-27.984640	5.094889
07162_cal_07162_out_5	3.189897	1.417833	0.805489	-2.266221	1.185332	-1.867773	3.289206	0.504350	1.060395	4.685943
07162_cal_07162_out_6	3.934318	2.294481	1.228401	-2.985941	1.273557	-1.352527	7.490223	0.809226	-28.337127	5.021428
07162_cal_07162_out_7	4.279007	2.118695	0.598545	-3.415719	1.619979	-1.629531	5.028156	0.628111	-29.322334	33.372990
07162_cal_07162_out_8	4.214069	1.342522	0.657772	-2.980427	1.593180	-2.418152	3.205181	0.588756	-0.137448	33.020396
07162_cal_07162_out_9	4.857632	2.563316	0.671591	-3.702559	2.086976	-1.584656	5.014256	0.762922	-33.649805	34.099846
07162_cal_07162_out_1	2.694810	1.413230	0.417693	-0.590863	1.073437	-1.919092	4.184292	0.962015	30.485037	-24.787590
07162_cal_07162_out_2	1.671735	1.246844	0.394206	-0.644952	0.426005	-1.300197	3.702715	0.672045	1.941696	-23.810173
07162_cal_07162_out_3	1.669499	1.296131	0.318746	-1.050204	0.347651	-1.093311	2.456740	0.636006	-27.864832	-22.978484
07162_cal_07162_out_4	2.082837	0.925712	0.400216	-1.618383	0.734327	-1.139600	2.672520	0.947313	-28.048691	5.333214
07162_cal_07162_out_5	2.551943	0.416361	0.169039	-1.329467	1.122182	-1.929252	0.729242	0.222704	1.460837	4.784649
07162_cal_07162_out_6	2.667326	0.888548	0.310580	-2.039012	1.105722	-1.467631	1.828125	0.134900	-28.406298	5.275384
07162_cal_07162_out_7	3.858023	0.968703	0.250054	-2.632261	1.637491	-1.564694	2.187337	0.093364	-29.281405	34.012970
07162_cal_07162_out_8	3.616565	0.593711	0.203108	-2.180917	1.502231	-2.391541	1.790757	0.401890	0.208149	33.351282
07162_cal_07162_out_9	4.616366	1.453906	0.322789	-2.948853	2.150744	-1.491134	3.925563	0.395721	-33.635287	34.831255
md4s_cal_md4s_out_1	5.689527	2.611533	0.374423	-0.109900	-4.117634	1.636500	14.515585	0.334716	6.674263	-10.993384
md4s_cal_md4s_out_2	8.536999	5.403778	1.029184	-0.291502	-4.107764	1.481696	100.784475	18.629570	33.661009	-12.358908
md4s_cal_md4s_out_3	6.415121	2.870061	0.181876	-0.436342	-4.098909	1.011058	44.605076	0.686625	-10.844046	-9.933582
md4s_cal_md4s_out_4	4.689067	1.159856	0.267559	-0.592273	-4.260974	0.929600	5.630277	0.374665	-12.385652	19.474653
md4s_cal_md4s_out_5	4.728926	1.170026	0.179075	-0.446837	-4.366223	0.507302	4.449985	0.133272	7.062582	17.901934
md4s_cal_md4s_out_6	8.280715	5.170051	0.696015	-0.453615	-4.285823	0.683949	102.960661	11.490836	33.484414	16.975694
md4s_cal_md4s_out_7	11.593898	8.338654	1.619912	0.675468	-4.333711	0.468481	108.119330	10.796274	41.702108	-42.439681
md4s_cal_md4s_out_8	3.971340	1.198555	0.226627	0.509011	-4.207584	0.044590	3.776543	0.316304	16.069936	-36.265036
md4s_cal_md4s_out_9	4.033998	1.596289	0.259982	0.950889	-4.001579	-0.243272	7.692389	0.131111	6.089300	-33.542490
md4s_cal_md4s_out_1	5.202759	2.418135	0.383133	-0.109900	-4.117634	1.636500	13.113115	0.096083	6.419654	-10.910117
md4s_cal_md4s_out_2	4.809698	1.674825	0.353782	-0.291502	-4.107764	1.481696	6.218780	0.733131	33.105811	-15.006498
md4s_cal_md4s_out_3	4.811162	1.212619	0.165130	-0.436342	-4.098909	1.011058	5.226913	0.373333	-11.233647	-9.856455
md4s_cal_md4s_out_4	4.752568	1.259864	0.265803	-0.592273	-4.260974	0.929600	5.248857	0.374671	-12.393636	19.495267
md4s_cal_md4s_out_5	4.711980	1.138824	0.179075	-0.446837	-4.366223	0.507302	4.374734	0.133272	7.061050	17.909605
md4s_cal_md4s_out_6	4.573289	1.373425	0.276369	-0.453615	-4.285823	0.683949	4.767864	0.379068	32.222504	14.058908
md4s_cal_md4s_out_7	4.325657	0.952080	0.240192	0.675468	-4.333711	0.468481	4.163611	0.528747	36.772206	-41.886868
md4s_cal_md4s_out_8	3.967819	1.196221	0.226627	0.509011	-4.207584	0.044590	3.777112	0.316303	16.071030	-36.264431
md4s_cal_md4s_out_9	4.029318	1.595219	0.259982	0.950889	-4.001579	-0.243272	7.692485	0.131111	6.090530	-33.540912
md4s_cal_md4s_out_1	5.685093	2.614932	0.374555	-0.117645	-4.105816	1.647843	14.507066	0.334982	6.674884	-10.994929
md4s_cal_md4s_out_2	8.535825	5.410414	1.029884	-0.302276	-4.097548	1.494263	100.746454	18.634538	33.660528	-12.359394
md4s_cal_md4s_out_3	6.400264	2.866556	0.181951	-0.443907	-4.085403	1.020271	44.599467	0.687740	-10.842508	-9.935238
md4s_cal_md4s_out_4	4.675630	1.158110	0.265696	-0.598042	-4.245609	0.938831	5.694180	0.374510	-12.381100	19.470732
md4s_cal_md4s_out_5	4.715402	1.166359	0.177152	-0.452894	-4.353573	0.518833	4.499699	0.129840	7.066260	17.900764
md4s_cal_md4s_out_6	8.264802	5.166901	0.696238	-0.462521	-4.274488	0.696249	102.956755	11.493485	33.486657	16.974865
md4s_cal_md4s_out_7	11.584651	8.338375	1.619478	0.660709	-4.325568	0.479647	108.109780	10.795881	41.697770	-42.438671
md4s_cal_md4s_out_8	3.956646	1.200158	0.226003	0.498501	-4.197696	0.055502	3.803727	0.315739	16.067401	-36.265911
md4s_cal_md4s_out_9	4.018321	1.600767	0.260301	0.941330	-3.990652	-0.233015	7.711645	0.134051	6.087764	-33.543426
md4s_cal_md4s_out_9	4.013638	1.599667	0.260301	0.941330	-3.990652	-0.233015	7.711679	0.134051	6.088992	-33.541846
md4s_cal_md4s_out_2	4.809826	1.683022	0.354242	-0.302276	-4.097548	1.494263	6.270451	0.735600	33.105275	-15.007847
md4s_cal_md4s_out_3	4.796541	1.209817	0.165125	-0.443907	-4.085403	1.020271	5.266719	0.374333	-11.231919	-9.858298
md4s_cal_md4s_out_1	5.196699	2.421789	0.383267	-0.117645	-4.105816	1.647843	13.089079	0.096325	6.420588	-10.911719
md4s_cal_md4s_out_4	4.743060	1.262579	0.263792	-0.598042	-4.245609	0.938831	5.314365	0.374515	-12.389515	19.492528
md4s_cal_md4s_out_5	4.698535	1.135360	0.177152	-0.452894	-4.353573	0.518833	4.426636	0.129840	7.064724	17.908408
md4s_cal_md4s_out_6	4.557430	1.370051	0.276725	-0.462521	-4.274488	0.696249	4.731243	0.375487	32.225518	14.057575
md4s_cal_md4s_out_7	4.316552	0.952935	0.240061	0.660709	-4.325568	0.479647	4.206338	0.526242	36.767754	-41.885505
md4s_cal_md4s_out_8	3.953108	1.197788	0.226003	0.498501	-4.197696	0.055502	3.803729	0.315739	16.068492	-36.265313
07162_cal_07162_out_1	2.694810	1.413230	0.417693	-0.590863	1.073437	-1.919092	4.184292	0.962015	30.485037	-24.787590
07162_cal_07162_out_2	1.671735	1.246844	0.394206	-0.644952	0.426005	-1.300197	3.702715	0.672045	1.941696	-23.810173
07162_cal_07162_out_3	1.669499	1.296131	0.318746	-1.050204	0.347651	-1.093311	2.456740	0.636006	-27.864832	-22.978484
07162_cal_07162_out_4	2.082837	0.925712	0.400216	-1.618383	0.734327	-1.139600	2.672520	0.947313	-28.048691	5.333214
07162_cal_07162_out_5	2.551943	0.416361	0.169039	-1.329467	1.122182	-1.929252	0.729242	0.222704	1.460837	4.784649
07162_cal_07162_out_6	2.667326	0.888548	0.310580	-2.039012	1.105722	-1.467631	1.828125	0.134900	-28.406298	5.275384
07162_cal_07162_out_7	3.858023	0.968703	0.250054	-2.632261	1.637491	-1.564694	2.187337	0.093364	-29.281405	34.012970
07162_cal_07162_out_8	3.616565	0.593711	0.203108	-2.180917	1.502231	-2.391541	1.790757	0.401890	0.208149	33.351282
07162_cal_07162_out_9	4.616366	1.453906	0.322789	-2.948853	2.150744	-1.491134	3.925563	0.395721	-33.635287	34.831255
07162_cal_0727after_out_1	54.503347	52.603578	2.197149	-0.926709	-0.778895	1.664277	55.811676	3.851600	-5.353527	14.649739
07162_cal_0727after_out_1	54.263969	55.923772	0.251612	-1.727128	1.526675	-2.827065	56.894313	0.782695	-4.923203	13.332599
07162_cal_0727after_out_1	3.777803	0.953939	0.251612	-1.727128	1.526675	-2.827065	2.916832	1.283630	-4.923203	13.332599
07162_cal_0727after_out_2	10.633072	6.254872	3.865547	-2.669628	2.477467	-5.725816	23.790382	9.774757	20.259607	7.080544
07162_cal_0727after_out_3	10.337144	27.236201	3.488040	-6.413399	-11.274366	22.229653	41.766882	7.612899	-32.868395	15.032711
md4s_cal_0727before_out_1	7.882349	4.348725	1.739218	-0.637515	-4.419488	1.074716	128.779417	91.428576	10.416572	-6.621005
07162_cal_after_out_1	3.605097	0.581096	0.181660	-2.103709	0.778667	-2.750760	1.070800	0.331301	-1.232391	12.290482
07162_cal_after_out_2	7.620962	4.290913	3.224421	-3.048556	1.455426	-5.726321	12.417025	2.831684	28.591795	0.767934
07162_cal_after_out_3	8.420435	4.560427	3.721216	-4.214855	1.680030	-5.445679	13.083588	2.909145	15.349016	1.649585
07162_cal_after_out_4	6.752420	4.751537	2.062244	-2.653137	0.718740	-2.248750	10.283343	2.126723	-12.578810	6.781685
07162_cal_after_out_5	7.301325	4.198302	2.097875	-4.848886	2.221767	-0.566461	11.456515	2.367302	-28.349329	12.367676
07162_cal_after_out_6	9.211495	6.063578	2.962400	-5.142176	2.458894	-0.838041	18.267643	3.352498	-28.191284	-2.412603
07162_cal_after_out_7	9.522044	5.754471	3.728707	-5.400025	2.737606	-3.082386	16.914626	4.110726	-11.576963	-3.325884
07162_cal_after_out_8	11.358254	6.743260	5.303132	-5.825084	2.612524	-5.506961	21.398153	5.588005	2.194421	-3.658201
07162_cal_after_out_9	14.123678	8.382009	6.623599	-5.860901	3.187093	-8.220392	28.882986	6.683718	15.515511	-12.197900
07162_cal_after_out_10	14.797464	9.833097	7.132718	-5.270967	2.485157	-10.497875	29.674893	7.868970	28.411749	-10.500865
07162_cal_after_out_11	15.557419	10.200143	6.188127	-5.595726	2.448493	-10.881414	31.375809	9.729945	27.355030	-18.341484
07162_cal_after_out_12	17.296251	9.751980	6.128893	-6.742191	4.134874	-10.308230	38.563007	9.391928	16.535072	-23.494199
07162_cal_after_out_13	16.711922	8.983729	6.526773	-7.249566	5.027917	-8.060564	37.399208	7.106827	2.672815	-20.430714
07162_cal_after_out_14	16.040033	9.625307	5.871352	-7.580757	4.679590	-5.107528	31.808453	4.526248	-12.104301	-17.358059
07162_cal_after_out_15	16.818388	11.396398	5.480191	-7.667704	4.938292	-2.102153	31.172545	3.632881	-27.737522	-15.031357
07162_cal_after_out_16	13.039304	8.152385	4.957895	-8.124502	3.940558	-1.322236	20.726135	6.566240	-28.555921	17.834553
07162_cal_after_out_17	11.673451	6.391683	4.359925	-7.355065	4.367602	-3.926287	16.208255	4.167707	-12.822433	17.553535
07162_cal_after_out_18	12.197791	6.282560	5.116306	-6.822805	4.149907	-6.114790	16.164045	4.987841	1.112192	16.817494
07162_cal_after_out_19	13.822777	7.273152	6.834537	-6.307807	3.764449	-8.444253	17.682981	8.505352	13.857838	13.810051
07162_cal_after_out_20	14.990377	8.171045	7.984385	-5.389687	3.818628	-10.071755	18.420141	7.883695	25.840690	13.252617
07162_cal_after_out_21	14.012535	7.171535	5.885523	-3.983386	4.271324	-9.314562	15.575930	6.538594	25.933112	26.844910
07162_cal_after_out_22	12.743548	5.527823	4.393727	-4.396997	5.031382	-8.159490	13.681416	5.489489	11.895727	31.365843
07162_cal_after_out_23	12.941455	6.113048	4.161316	-6.208679	5.451836	-6.807853	15.309310	3.355194	-4.915058	30.963533
07162_cal_after_out_24	13.581312	7.843347	4.366944	-6.574381	4.375836	-5.961196	19.483981	3.461223	-15.614694	30.866711
07162_cal_after_out_25	14.577620	9.402709	4.696319	-7.544340	6.389377	-2.903090	25.589351	3.653721	-29.833796	33.651202
07162_cal_after_out_1	4.837982	3.929260	2.453695	0.778978	-1.767164	-0.696199	11.601988	3.763065	-1.949691	13.826860
07162_cal_after_out_2	2.709370	2.346252	1.046524	-0.516544	-0.383587	-0.762791	7.420973	1.733069	29.006571	1.259400
07162_cal_after_out_3	2.079017	1.033085	0.429973	-1.062719	-0.313457	-1.637851	2.502201	0.533782	14.860840	2.769421
07162_cal_after_out_4	2.169472	2.452246	0.520480	0.590182	-1.655444	-1.265086	4.213066	0.828874	-13.086162	8.147163
07162_cal_after_out_5	2.166576	0.853153	0.335235	-1.759772	-0.164824	-1.128658	2.156496	0.801959	-28.258822	13.201789
07162_cal_after_out_1	3.605097	0.581096	0.181660	-2.103709	0.778668	-2.750760	1.070799	0.331301	-1.232391	12.290482
07162_cal_after_out_2	7.620962	4.290912	3.224421	-3.048555	1.455430	-5.726322	12.417028	2.831684	28.591795	0.767934
07162_cal_after_out_1	6.976052	5.533942	3.284932	1.148617	-3.356841	1.972377	15.917540	5.382803	-2.298942	14.034466
07162_cal_after_out_2	6.924422	6.093180	2.720281	-0.406426	-1.713995	2.744714	19.086585	5.009442	28.596405	0.881344
07162_cal_after_out_3	3.990495	3.301041	1.761131	-0.733896	-1.646857	1.414653	8.741467	1.981053	14.309421	2.861821
07162_cal_after_out_4	3.509069	3.440623	1.348000	1.274069	-3.110830	0.977760	10.638170	2.357146	-13.112703	8.496174
07162_cal_after_out_5	3.386109	2.707465	1.173279	-0.794595	-1.679113	0.431258	8.739432	2.217206	-27.917992	13.526896
07162_cal_after_out_6	4.081039	3.406115	0.954905	-0.780428	-1.615755	0.337289	13.750489	1.940370	-28.014648	-2.287696
07162_cal_after_out_7	3.003343	2.299564	0.644329	-1.122005	-0.951344	0.366494	10.244236	1.663167	-12.389205	-2.521849
07162_cal_after_out_8	2.351015	1.306938	0.597448	-1.721859	-0.681256	-0.266868	2.839044	0.371763	1.129785	-2.503065
07162_cal_after_out_9	2.817573	1.426286	0.619445	-2.029009	-0.060035	-0.525185	2.850607	0.899380	15.312510	-12.622488
07162_cal_after_out_10	3.232672	1.605333	0.847780	-2.435823	0.075852	-1.949127	4.492825	0.439404	28.666808	-11.353799
07162_cal_after_out_11	3.385677	1.772490	0.594522	-2.599053	-0.196211	-2.085380	4.576718	0.327601	27.634420	-19.642849
07162_cal_after_out_12	4.798684	2.394439	0.801120	-3.029374	0.768072	-2.186102	9.135770	1.102234	16.645853	-24.876846
07162_cal_after_out_13	4.897659	2.410984	0.999458	-3.060595	1.034914	-1.766906	8.004965	0.886260	2.285200	-21.463965
07162_cal_after_out_14	4.506979	2.270590	0.867771	-3.228544	0.318324	-1.144847	7.356525	1.430984	-12.786612	-18.078452
07162_cal_after_out_15	4.758362	2.737088	0.803902	-3.374564	0.172608	-0.518499	7.414681	1.432013	-27.592974	-16.297182
07162_cal_after_out_16	5.357384	3.000985	1.673356	-4.212092	0.404294	-0.513288	7.467615	1.793556	-28.217111	19.010045
07162_cal_after_out_16	5.357384	3.000985	1.673356	-4.212092	0.404294	-0.513288	7.467615	1.793556	-28.217111	19.010045
07162_cal_after_out_17	4.501798	2.226394	1.432858	-3.740312	0.779741	-0.985091	4.735970	0.729329	-13.332595	19.044784
07162_cal_after_out_18	4.699231	2.210618	1.650445	-3.607450	0.760530	-1.631108	5.334771	1.042431	-0.135500	18.657528
07162_cal_after_out_19	4.979641	2.326557	1.981789	-3.303100	0.722421	-2.558706	5.530941	1.541361	12.358224	15.914675
07162_cal_after_out_20	4.867327	2.270648	1.789577	-3.024350	0.943551	-2.804889	4.741957	2.062300	25.033971	15.220276
07162_cal_after_out_21	4.239313	1.847860	1.114480	-2.656036	0.832221	-2.432932	4.501682	2.238795	24.713284	29.514284
07162_cal_after_out_22	4.473915	1.849982	1.175618	-2.711319	1.237344	-2.472800	4.045899	1.711325	10.457865	33.328317
07162_cal_after_out_23	5.579790	2.662218	1.708083	-3.703210	1.268379	-2.529831	6.205540	1.697459	-5.743915	32.254268
07162_cal_after_out_24	6.250993	4.020386	1.916802	-3.484792	0.014212	-2.881057	8.954964	1.964107	-15.908379	31.822812
07162_cal_after_out_25	6.092785	3.641638	1.558805	-4.308579	1.714599	-1.482155	9.251825	1.763630	-29.314328	34.116825
md4s_cal_before_out_1	6.153127	2.861731	0.546554	0.190326	-4.150405	2.614167	10.730279	0.402880	11.937513	-6.756633
md4s_cal_before_out_2	5.911240	3.741823	0.598411	-0.052705	-3.611961	-0.689270	14.917437	0.585726	13.819036	10.147906
md4s_cal_before_out_3	5.859340	3.513172	0.657721	-0.480420	-3.833560	-1.019963	14.773775	0.052466	13.266003	23.187629
md4s_cal_before_out_4	4.115337	2.418584	0.424009	0.394948	-3.827701	-0.007926	8.325093	0.136424	15.293815	-21.365126
md4s_cal_before_out_5	4.432465	1.318398	0.156383	0.522151	-4.490084	0.609884	4.313649	0.009812	13.040892	-36.806314
md4s_cal_before_out_6	5.305455	1.983648	0.457683	0.107769	-4.297338	2.076180	7.902142	0.357894	24.948653	-7.646345
md4s_cal_before_out_7	5.348254	3.749595	0.753200	-0.293741	-3.415642	-0.310982	10.178320	0.428537	24.585281	10.296329
md4s_cal_before_out_8	5.480684	3.799897	0.978370	-0.592544	-3.786934	-0.845624	13.850838	0.817156	27.894680	21.862628
md4s_cal_before_out_9	3.979848	2.418909	0.636046	0.481904	-3.811256	0.031341	6.445247	0.929982	29.873664	-23.494913
md4s_cal_before_out_10	5.086457	1.348699	0.408172	0.529005	-4.638217	0.882145	5.235260	0.012094	26.911868	-38.815821
md4s_cal_before_out_11	5.229778	1.822002	0.401478	0.017130	-4.407330	1.866399	5.994050	0.746671	38.643555	-9.416688
md4s_cal_before_out_12	5.311651	3.805726	0.857434	-0.340406	-3.576395	-0.244126	11.415773	0.777745	34.492457	9.430188
md4s_cal_before_out_13	5.126681	3.746727	1.178899	-0.560462	-3.901533	-0.593214	10.519735	1.168446	39.303912	21.204457
md4s_cal_before_out_14	4.065515	2.087567	0.778015	1.003065	-3.799284	0.085925	7.318983	0.808298	41.898031	-26.217227
md4s_cal_before_out_15	5.765557	2.049418	0.713886	0.258059	-4.759794	1.218336	7.878462	0.509901	38.523727	-39.495485
md4s_cal_before_out_16	7.297500	4.129920	0.711625	0.267001	-3.948522	3.345667	12.704175	1.275725	-1.148131	-6.477830
md4s_cal_before_out_17	6.206443	3.958256	0.574374	-0.131780	-3.606171	-1.075621	14.922124	0.006059	1.704250	11.097784
md4s_cal_before_out_18	6.311008	3.773117	0.674448	-0.689251	-3.798012	-1.430125	12.376700	1.491582	1.160690	25.655558
md4s_cal_before_out_19	4.341609	1.869076	0.275343	0.514898	-3.821494	-0.372333	7.295888	0.823289	3.072521	-19.226868
md4s_cal_before_out_20	4.291613	1.672176	0.193812	0.650225	-4.396844	0.360337	6.808911	0.533111	4.965833	-34.456138
md4s_cal_before_out_21	8.383355	5.605979	0.994789	0.753322	-4.088452	3.959887	21.651621	0.270638	-15.506322	-7.573827
md4s_cal_before_out_22	6.148576	3.978755	0.710892	-0.124905	-3.812738	-1.390061	13.975343	0.222124	-8.583008	10.654387
md4s_cal_before_out_23	6.213655	3.817631	0.588926	-0.529566	-3.653139	-1.399601	16.173593	0.561869	-8.178399	25.264735
md4s_cal_before_out_24	4.717971	1.966656	0.284048	0.535984	-3.944363	0.180653	5.806673	0.064869	-9.086950	-17.910059
md4s_cal_before_out_25	4.725077	2.254219	0.279855	0.604023	-4.125963	0.100272	13.329509	0.396881	-9.028035	-32.534374
